0.02771991998712
0.02999511204401
0.03050593522209
0.03122029860126
0.0320808138759
0.03327860981124
0.03434098531896
0.03541929578963
0.03646030624194
0.03729460840492
0.03767986700422
0.03779912403018
0.03708931209243
0.04004769928859
0.04295995153707
0.04582606883788
0.04913879884253
0.0529901077613
0.05746604431166
0.0625666084936
0.06891055903806
0.07614900414742
0.08546402700005
0.09687338287378
0.1121834950862
0.1318156887932
0.1605843732252
0.2038384333733
0.2753069689984
 0.399179382781
0.6267975702513
              1
              1
              1
              1
              1
              1
              1
              1
              1
              1
              1
              1
              1
              1
              1
              1
              1
              1
              1
              1
              1
              1
              1
              1
              1
              1
              1
              1
              1
              1
              1
              1
              1
              1
              1
              1
              1
              1
              1
              1
              1
              1
              1
              1
              1
              1
              1
              1
              1
              1
              1
              1
              1
              1
              1
              1
              1
              1
              1
              1
              1
              1
              1
              1
              1
              1
              1
              1
              1
              1
              1
              1
              1
              1
              1
              1
              1
              1
              1
              1
              1
              1
              1
              1
              1
              1
              1
              1
              1
              1
              1
              1
              1
              1
              1
              1
              1
              1
              1
              1
              1
              1
              1
              1
              1
              1
              1
              1
              1
              1
              1
              1
              1
              1
              1
              1
              1
              1
              1
              1
              1
              1
              1
              1
              1
              1
              1
              1
              1
              1
              1
              1
              1
              1
              1
              1
              1
              1
              1
              1
              1
              1
              1
              1
              1
              1
              1
              1
              1
              1
              1
              1
              1
              1
              1
              1
              1
              1
              1
              1
              1
              1
              1
              1
              1
              1
              1
              1
              1
              1
              1
              1
              1
              1
              1
              1
              1
              1
              1
              1
              1
              1
              1
              1
              1
              1
              1
              1
              1
              1
              1
              1
              1
              1
              1
              1
              1
              1
              1
              1
              1
              1
              1
              1
              1
              1
              1
              1
              1
              1
              1
              1
              1
              1
              1
              1
              1
              1
              1
              1
              1
              1
              1
              1
              1
              1
              1
              1
              1
              1
              1
              1
              1
              1
              1
              1
              1
              1
              1
              1
              1
              1
              1
              1
              1
              1
              1
              1
              1
              1
              1
              1
              1
              1
              1
              1
              1
              1
              1
              1
              1
              1
              1
              1
              1
              1
              1
              1
              1
              1
              1
              1
              1
              1
              1
              1
              1
              1
              1
              1
              1
              1
              1
              1
              1
              1
              1
              1
              1
              1
              1
              1
              1
              1
              1
              1
              1
              1
              1
              1
              1
              1
              1
              1
              1
              1
              1
              1
              1
              1
              1
              1
              1
              1
              1
              1
              1
              1
              1
              1
              1
              1
              1
              1
              1
              1
              1
              1
              1
              1
              1
              1
              1
              1
              1
              1
              1
              1
              1
              1
              1
              1
              1
              1
              1
              1
              1
              1
              1
              1
              1
              1
              1
              1
              1
              1
              1
              1
              1
              1
              1
              1
              1
              1
              1
              1
              1
              1
              1
              1
              1
              1
              1
              1
              1
              1
              1
              1
              1
              1
              1
              1
              1
              1
              1
              1
              1
              1
              1
              1
              1
              1
              1
              1
              1
              1
              1
              1
              1
              1
              1
              1
              1
              1
              1
              1
              1
              1
              1
              1
              1
              1
              1
              1
              1
              1
              1
              1
              1
              1
              1
              1
              1
              1
              1
              1
              1
              1
              1
              1
              1
              1
              1
              1
              1
              1
              1
              1
              1
              1
              1
              1
              1
              1
              1
              1
              1
              1
              1
              1
              1
              1
              1
              1
              1
              1
              1
              1
              1
              1
              1
              1
              1
              1
              1
              1
              1
              1
              1
              1
              1
              1
              1
              1
              1
              1
              1
              1
              1
              1
              1
              1
              1
              1
              1
              1
              1
              1
              1
              1
              1
              1
              1
              1
              1
              1
              1
              1
              1
              1
              1
              1
              1
              1
              1
              1
              1
              1
              1
              1
              1
              1
              1
              1
              1
              1
              1
              1
              1
              1
              1
              1
              1
              1
              1
              1
              1
              1
              1
              1
              1
              1
              1
              1
              1
              1
              1
              1
              1
              1
              1
              1
              1
              1
              1
              1
              1
              1
              1
              1
              1
              1
              1
              1
              1
              1
              1
              1
              1
              1
              1
              1
              1
              1
              1
              1
              1
              1
              1
              1
              1
              1
              1
              1
              1
              1
              1
              1
              1
              1
              1
              1
              1
              1
              1
              1
              1
              1
              1
              1
              1
              1
              1
              1
              1
              1
              1
              1
              1
              1
              1
              1
              1
              1
              1
              1
              1
              1
              1
              1
              1
              1
              1
              1
              1
              1
              1
              1
              1
              1
              1
              1
              1
              1
              1
              1
              1
              1
              1
              1
              1
              1
              1
              1
              1
              1
              1
              1
              1
              1
              1
              1
              1
              1
              1
              1
              1
              1
              1
              1
              1
              1
              1
              1
              1
              1
              1
              1
              1
              1
              1
              1
              1
              1
              1
              1
              1
              1
              1
              1
              1
              1
              1
              1
              1
              1
              1
              1
              1
              1
              1
              1
              1
              1
              1
              1
              1
              1
              1
              1
              1
              1
              1
              1
              1
              1
              1
              1
              1
              1
              1
              1
              1
              1
              1
              1
              1
              1
              1
              1
              1
              1
              1
              1
              1
              1
              1
              1
              1
              1
              1
              1
              1
              1
              1
              1
              1
              1
              1
              1
              1
              1
              1
              1
              1
              1
              1
              1
              1
              1
              1
              1
              1
              1
              1
              1
              1
              1
              1
              1
              1
              1
              1
              1
              1
              1
              1
              1
              1
              1
              1
              1
              1
              1
              1
              1
              1
              1
              1
              1
              1
              1
              1
              1
              1
              1
              1
              1
              1
              1
              1
              1
              1
              1
              1
              1
              1
              1
              1
              1
              1
              1
              1
              1
              1
              1
              1
              1
              1
              1
              1
              1
              1
              1
              1
              1
              1
              1
              1
              1
              1
              1
              1
              1
              1
              1
              1
              1
              1
              1
              1
              1
              1
              1
              1
              1
              1
              1
              1
              1
              1
              1
              1
              1
              1
              1
              1
              1
              1
              1
              1
              1
              1
              1
              1
              1
              1
              1
              1
              1
              1
              1
              1
              1
              1
              1
              1
              1
              1
              1
              1
              1
              1
              1
              1
              1
              1
              1
              1
              1
              1
              1
              1
              1
              1
              1
              1
              1
              1
              1
              1
              1
              1
              1
              1
              1
              1
              1
              1
              1
              1
              1
              1
              1
              1
              1
              1
              1
              1
              1
              1
              1
              1
              1
              1
              1
              1
              1
              1
              1
              1
              1
              1
              1
              1
              1
              1
              1
              1
              1
              1
              1
              1
              1
              1
              1
              1
              1
              1
              1
              1
              1
              1
              1
              1
              1
              1
              1
              1
              1
              1
              1
              1
              1
              1
              1
              1
              1
              1
              1
              1
              1
              1
              1
              1
              1
              1
              1
              1
              1
              1
              1
              1
              1
              1
              1
              1
              1
              1
              1
              1
              1
              1
              1
              1
              1
              1
              1
              1
              1
              1
              1
              1
              1
              1
              1
              1
              1
              1
              1
              1
              1
              1
              1
              1
              1
              1
              1
              1
              1
              1
              1
              1
              1
              1
              1
              1
              1
              1
              1
              1
              1
              1
              1
              1
              1
              1
              1
              1
              1
              1
              1
              1
              1
              1
              1
              1
              1
              1
              1
              1
              1
              1
              1
              1
              1
              1
              1
              1
              1
              1
              1
              1
              1
              1
              1
              1
              1
              1
              1
              1
              1
              1
              1
              1
              1
              1
              1
              1
              1
              1
              1
              1
              1
              1
              1
              1
              1
              1
              1
              1
              1
              1
              1
              1
              1
              1
              1
              1
              1
              1
              1
              1
              1
              1
              1
              1
              1
              1
              1
              1
              1
              1
              1
              1
              1
              1
              1
              1
              1
              1
              1
              1
              1
              1
              1
              1
              1
              1
              1
              1
              1
              1
              1
              1
              1
              1
              1
              1
              1
              1
              1
              1
              1
              1
              1
              1
              1
              1
              1
              1
              1
              1
              1
              1
              1
              1
              1
              1
              1
              1
              1
              1
              1
              1
              1
              1
              1
              1
              1
              1
              1
              1
              1
              1
              1
              1
              1
              1
              1
              1
              1
              1
              1
              1
              1
              1
              1
              1
              1
              1
              1
              1
              1
              1
              1
              1
              1
              1
              1
              1
              1
              1
              1
              1
              1
              1
              1
              1
              1
              1
              1
              1
              1
              1
              1
              1
              1
              1
              1
              1
              1
              1
              1
              1
              1
              1
              1
              1
              1
              1
              1
              1
              1
              1
              1
            0.9
            0.8
            0.7
            0.6
            0.5
            0.4
            0.3
            0.2
            0.1
              0
              0
              0
              0
              0
              0
              0
              0
              0
              0
              0
              0
              0
              0
              0
              0
              0
              0
              0
              0
              0
              0
              0
              0
              0
              0
              0
              0
              0
              0
              0
              0
              0
              0
              0
              0
              0
              0
              0
              0
              0
              0
              0
              0
              0
              0
              0
              0
              0
              0
              0
              0
              0
              0
              0
              0
              0
              0
              0
              0
              0
              0
              0
              0
              0
              0
              0
              0
              0
              0
              0
              0
              0
              0
              0
              0
              0
              0
              0
              0
              0
              0
              0
              0
              0
              0
              0
              0
              0
              0
              0
              0
              0
              0
              0
              0
              0
              0
              0
              0
              0
              0
              0
              0
              0
              0
              0
              0
              0
              0
              0
              0
              0
              0
              0
              0
              0
              0
              0
              0
              0
              0
              0
              0
              0
              0
              0
              0
              0
              0
              0
              0
              0
              0
              0
              0
              0
              0
              0
              0
              0
              0
              0
              0
              0
              0
              0
              0
              0
              0
              0
              0
              0
              0
              0
              0
              0
              0
              0
              0
              0
              0
              0
              0
              0
              0
              0
              0
              0
              0
              0
              0
              0
              0
              0
              0
              0
              0
              0
              0
              0
              0
              0
              0
              0
              0
              0
              0
              0
              0
              0
              0
              0
              0
              0
              0
              0
              0
              0
              0
              0
              0
              0
              0
              0
              0
              0
              0
              0
              0
              0
              0
              0
              0
              0
              0
              0
              0
              0
              0
              0
              0
              0
              0
              0
              0
              0
              0
              0
              0
              0
              0
              0
              0
              0
              0
              0
              0
              0
              0
              0
              0
              0
              0
              0
              0
              0
              0
              0
              0
              0
              0
              0
              0
              0
              0
              0
              0
              0
              0
              0
              0
              0
              0
              0
              0
              0
              0
              0
              0
              0
              0
              0
              0
              0
              0
              0
              0
              0
              0
              0
              0
              0
              0
              0
              0
              0
              0
              0
              0
              0
              0
              0
              0
              0
              0
              0
              0
              0
              0
              0
              0
              0
              0
              0
              0
              0
              0
              0
              0
              0
              0
              0
              0
              0
              0
              0
              0
              0
              0
              0
              0
              0
              0
              0
              0
              0
              0
              0
              0
              0
              0
              0
              0
              0
              0
              0
              0
              0
              0
              0
              0
              0
              0
              0
              0
              0
              0
              0
              0
              0
              0
              0
              0
              0
              0
              0
              0
              0
              0
              0
              0
              0
              0
              0
              0
              0
              0
              0
              0
              0
              0
              0
              0
              0
              0
              0
              0
              0
              0
              0
              0
              0
              0
              0
              0
              0
              0
              0
              0
              0
              0
              0
              0
              0
              0
              0
              0
              0
              0
              0
              0
              0
              0
              0
              0
              0
              0
              0
              0
              0
              0
              0
              0
              0
              0
              0
              0
              0
              0
              0
              0
              0
              0
              0
              0
              0
              0
              0
              0
              0
              0
              0
              0
              0
              0
              0
              0
              0
              0
              0
              0
              0
              0
              0
              0
              0
              0
              0
              0
              0
              0
              0
              0
              0
              0
              0
              0
              0
              0
              0
              0
              0
              0
              0
              0
              0
              0
              0
              0
              0
              0
              0
              0
              0
              0
              0
              0
              0
              0
              0
              0
              0
              0
              0
              0
              0
              0
              0
              0
              0
              0
              0
              0
              0
              0
              0
              0
              0
              0
              0
              0
              0
              0
              0
              0
              0
              0
              0
              0
              0
              0
              0
              0
              0
              0
              0
              0
              0
              0
              0
              0
              0
              0
              0
              0
              0
              0
              0
              0
              0
              0
              0
              0
              0
              0
              0
              0
              0
              0
              0
              0
              0
              0
              0
              0
              0
              0
              0
              0
              0
              0
              0
              0
              0
              0
              0
              0
              0
              0
              0
              0
              0
              0
              0
              0
              0
              0
              0
              0
              0
              0
              0
              0
              0
              0
              0
              0
              0
              0
              0
              0
              0
              0
              0
              0
              0
              0
              0
              0
              0
              0
              0
              0
              0
              0
              0
              0
              0
              0
              0
              0
              0
              0
              0
              0
              0
              0
              0
              0
              0
              0
              0
              0
              0
              0
              0
              0
              0
              0
              0
              0
              0
              0
              0
              0
              0
              0
              0
              0
              0
              0
              0
              0
              0
              0
              0
              0
              0
              0
              0
              0
              0
              0
              0
              0
              0
              0
              0
              0
              0
              0
              0
              0
              0
              0
              0
              0
              0
              0
              0
              0
              0
              0
              0
              0
              0
              0
              0
              0
              0
              0
              0
              0
              0
              0
              0
              0
              0
              0
              0
              0
              0
              0
              0
              0
              0
              0
              0
              0
              0
              0
              0
              0
              0
              0
              0
              0
              0
              0
              0
              0
              0
              0
              0
              0
              0
              0
              0
              0
              0
              0
              0
              0
              0
              0
              0
              0
              0
              0
              0
              0
              0
              0
              0
              0
              0
              0
              0
              0
              0
              0
              0
              0
              0
              0
              0
              0
              0
              0
              0
              0
              0
              0
              0
              0
              0
              0
              0
              0
              0
              0
              0
              0
              0
              0
              0
              0
              0
              0
              0
              0
              0
              0
              0
              0
              0
              0
              0
              0
              0
              0
              0
              0
              0
              0
              0
              0
              0
              0
              0
              0
              0
              0
              0
              0
              0
              0
              0
              0
              0
              0
              0
              0
              0
              0
              0
              0
              0
              0
              0
              0
              0
              0
              0
              0
              0
              0
              0
              0
              0
              0
              0
              0
              0
              0
              0
              0
              0
              0
              0
              0
              0
              0
              0
              0
              0
              0
              0
              0
              0
              0
              0
              0
              0
              0
              0
              0
              0
              0
              0
              0
              0
              0
              0
              0
              0
              0
              0
              0
              0
              0
              0
              0
              0
              0
              0
              0
              0
              0
              0
              0
              0
              0
              0
              0
              0
              0
              0
              0
              0
              0
              0
              0
              0
              0
              0
              0
              0
              0
              0
              0
              0
              0
              0
              0
              0
              0
              0
              0
              0
              0
              0
              0
              0
              0
              0
              0
              0
              0
              0
              0
              0
              0
              0
              0
              0
              0
              0
              0
              0
              0
              0
              0
              0
              0
              0
              0
              0
              0
              0
              0
              0
              0
              0
              0
              0
              0
              0
              0
              0
              0
              0
              0
              0
              0
              0
              0
              0
              0
              0
              0
              0
              0
              0
              0
              0
              0
              0
              0
              0
              0
              0
              0
              0
              0
              0
              0
              0
              0
              0
              0
              0
              0
              0
              0
              0
              0
              0
              0
              0
              0
              0
              0
              0
              0
              0
              0
              0
              0
              0
              0
              0
              0
              0
              0
              0
              0
              0
              0
              0
              0
              0
              0
              0
              0
              0
              0
              0
              0
              0
              0
              0
              0
              0
              0
              0
              0
              0
              0
              0
              0
              0
              0
              0
              0
              0
              0
              0
              0
              0
              0
              0
              0
              0
              0
              0
              0
              0
              0
              0
              0
              0
              0
              0
              0
              0
              0
              0
              0
              0
              0
              0
              0
              0
              0
              0
              0
              0
              0
              0
              0
              0
              0
              0
              0
              0
              0
              0
              0
              0
              0
              0
              0
              0
              0
              0
              0
              0
              0
              0
              0
              0
              0
              0
              0
              0
              0
              0
              0
              0
              0
              0
              0
              0
              0
              0
              0
              0
              0
              0
              0
              0
              0
              0
              0
              0
              0
              0
              0
              0
              0
              0
              0
              0
              0
              0
              0
              0
              0
              0
              0
              0
              0
              0
              0
              0
              0
              0
              0
              0
              0
              0
              0
              0
              0
              0
              0
              0
              0
              0
              0
              0
              0
              0
              0
              0
              0
              0
              0
              0
              0
              0
              0
              0
              0
              0
              0
              0
              0
              0
              0
              0
              0
              0
              0
              0
              0
              0
              0
              0
              0
              0
              0
              0
              0
              0
              0
              0
              0
              0
              0
              0
              0
              0
              0
              0
              0
              0
              0
              0
              0
              0
              0
              0
              0
              0
              0
              0
              0
              0
              0
              0
              0
              0
              0
              0
              0
              0
              0
              0
              0
              0
              0
              0
              0
              0
              0
              0
              0
              0
              0
              0
              0
              0
              0
0.07675401558106
0.1048190764803
0.1044601680595
0.09605066597954
0.08655631850386
0.07788234241278
0.07037689788298
0.06391423505235
0.05855956321255
0.05376724652872
0.0497688727749
0.04613273839417
0.04285884338653
0.03996467143034
0.03741162494964
0.03492848031261
0.03251523751926
0.03011590298412
0.03266566233282
0.01780978987828
0.04506044582298
0.9500788565994
0.9628162613098
0.01924846756973
0.04114876380404
0.02262080161384
0.01289063508404
0.9454354389694
  0.95668097258
0.03949380799977
0.02891240651702
0.02899737044812
0.9546115168386
0.9675246502753
0.9731600285947
 0.978462685037
 0.974712483464
0.02557892329616
0.02756979251656
0.02565135715628
 0.965942844192
0.9462186905227
 0.949038751203
0.9698917882581
0.02695737628217
0.9694498386404
 0.965286610241
0.08466164167795
0.9508330454452
0.9373529076571
0.04372930069903
0.03311700257154
0.08202877003054
0.06879799734544
0.9214290532551
0.9183582842083
0.8754481966208
0.8562418873892
0.8608073167818
0.9308794423975
0.04364472224714
0.00107286578846
0.0008348695658606
0.9964743920531
0.0007975145557109
0.000808618051374
    0.048828125
0.08338909799667
0.08987037515577
0.08987037515577
0.08987037515577
0.08987037515577
0.08987037515576
0.08987037515573
0.08987037515566
0.08987037515548
0.08987037515507
0.08987037515382
0.08987037515041
0.08987037514273
0.08987037511887
0.08987037505362
0.08987037490216
0.0008610463627237
0.0008996619066181
0.0009598011296379
0.08987037450411
0.08987037354528
0.08987037058104
0.08987036222822
0.08987034318241
0.08987028281724
0.08987011824488
0.08986964864308
0.08986854015062
0.0898651384684
0.0898570933587
0.08983174230904
0.08976765663142
0.08953392492621
0.08844148463222
0.08061635648662
0.9101296248442
0.9166109020033
    0.951171875
 0.764126895979
0.9960594710576
0.9958506826812
0.001245514077691
0.001472796044781
0.001951714284797
0.08534214824805
0.08913338446626
0.08969310716442
0.08981706715354
0.08985034398917
0.08986385215825
0.08986817832403
0.08986961557738
0.08987008409642
0.08987027690715
0.08987034133172
0.08987036351683
0.08987037055458
0.08987037350742
0.08987037417343
0.0898703736204
0.002797350055306
0.08987037167073
0.08987036521575
0.08987034709964
0.08987029395814
0.08987017062647
0.08986978673504
0.08986869709211
0.08986556899565
0.08985838560648
0.08983552254901
0.08978577096365
0.08967624949864
0.08953087601722
0.09042874739635
0.9955953150556
0.9951825153865
0.9945079681449
0.9931316279151
0.9901164278061
0.8952001545189
0.1020089751474
0.9851679087971
0.9778174684006
0.9688612930172
0.9534948717416
0.9645558744678
0.02286334078183
0.02125365721658
0.0008178864282902
0.0005905798208932
0.001060017428432
0.001146970263769
0.0004602643599753
0.0008315979680286
0.0008461953057861
0.0008397217321204
0.0008369666106946
0.0004609513423574
0.9973756860493
0.9974636966754
0.0007928533165204
0.04386021940998
0.0008923993645709
0.9693713214234
0.0004398440346579
0.0007962053882637
0.0008022602538897
0.0007996907182716
0.0007983030656543
0.0004401101382291
0.0004458974635066
0.0008067145231349
0.0008181200172226
0.0008131221687534
0.0008107366285952
0.0006138601146048
0.04669956446181
0.04669956446181
0.08987037515577
 0.049579251033
 0.049579251033
 0.049579251033
0.9101296248442
0.08987037515577
 0.049579251033
 0.049579251033
0.08987037515577
0.08987037515577
0.06815550485346
0.9101296248442
0.06815550485345
 0.049579251033
0.9101296248442
0.08987037515576
0.06815550485345
0.04957925103299
0.9101296248442
0.08987037515575
0.04957925103298
0.04957925103298
0.08987037515571
0.9101296248441
0.06815550485339
0.04957925103293
0.08987037515559
 0.910129624844
0.06815550485327
0.04957925103282
0.9101296248436
0.08987037515529
0.06815550485301
0.04957925103257
0.9101296248424
0.0898703751546
0.06815550485223
0.0495792510318
0.08987037515255
0.0495792510297
0.9101296248363
0.06815550485008
0.04957925102494
0.9101296248217
0.08987037514679
0.06815550484521
0.04957925101037
0.9101296247887
0.0898703751337
0.06815550483017
0.04957925097006
0.9101296246854
0.08987037509484
0.06815550478914
0.04957925087537
0.9101296244637
0.08987037498292
0.06815550469378
0.0004745504647453
0.0008565200650527
0.0008780586483322
0.0008689512241445
0.0008642415052271
0.000654234655975
0.000496920617228
0.0004957825503721
0.0008940782450515
0.000926567907798
0.0009116914396462
0.0005303594369202
0.0005287348746637
0.0009518064633695
0.001003071157469
0.0009801594302968
0.0009703306192927
0.08987037471319
0.06815550444347
0.04957925062999
0.9101296238481
0.08987037404649
0.06815550383515
0.04957925003826
0.9101296223403
0.08987037242922
0.06815550197171
0.04957924822299
0.08987036753893
0.9101296133904
0.06815549675168
0.0495792430629
0.9101295923196
0.08987035326781
0.0681554846835
0.04957923126587
 0.910129533201
0.08987032080031
0.06815544698982
0.04957919434794
0.0898702223464
0.9101293588066
0.06815534352672
0.04957909314624
0.9101289606567
0.08986994737043
0.06815505013358
0.04957880111423
0.9101277254584
0.08986911856252
0.06815434429439
0.04957811942697
0.9101244309558
0.08986727955387
0.06815221716632
0.04957602606119
0.08986155558295
0.04957236449921
0.04957104740583
0.0898479265405
0.9101134405944
0.06813144085328
0.04955517996505
0.9100758026646
0.08980172712916
0.06809129093661
0.04951518551131
0.9099971100452
0.08968847068281
0.06795123319404
0.04936479441425
0.9098138284412
0.0892173000639
0.06733784334193
0.04860320510665
0.9101900613654
0.04423450755077
0.9175422664077
0.08629995263355
0.06308378717246
 0.950420748967
 0.950420748967
0.9101296248442
0.9101296248442
0.9533004355382
0.9533004355382
0.8786392545167
0.9964704066928
0.9964592138547
 0.996440082145
0.9964121559688
0.9963721309138
0.9963124825004
0.9962322209517
0.9961545532868
 0.996107883591
0.9960852438989
0.9960713752232
0.9978281743745
 0.997823844302
 0.996036213554
0.9959419182879
0.9958976169646
0.9958696239091
0.9968603833199
0.9977082512934
0.9958244673805
0.0009507550148977
0.0006850344498263
0.001224294330797
0.001341223552782
0.00112755980028
0.0008093132394806
0.001441370459466
0.001693230548175
0.00199727362676
0.001085009100904
0.001072116899759
0.00190060257839
0.04739885323739
0.0881084151308
0.08106500353725
0.06328240614826
0.9099298342906
0.06736181510308
0.04921601801184
0.08951859706009
0.9100052249291
0.06797895118661
0.04949042181366
0.08977416575179
0.9100794937356
0.06810437168278
0.04955236309618
0.9101094678295
0.08984025932567
0.06813678133704
0.04956915118979
0.9101224861283
0.08985899503369
0.06814933557078
0.0495759447733
0.04957813741575
0.9101281920922
0.08986654846289
0.0681534257118
0.04957886637403
0.9101291167933
0.08986907813823
0.06815478999606
0.04957910305286
0.08987020573756
0.08986993164104
0.0495790739845
0.04957920120415
0.9101295611547
0.06815541223696
0.08987031709372
0.06815547298872
0.04957923388876
0.9101296024792
0.04957924513223
0.9101296172278
0.08987035524796
0.06815549391956
0.08987036833365
0.06815550057579
0.04957924871017
0.08987037249426
0.9101296230305
0.06815550334947
0.04957925017966
0.9101296238396
0.08987037400612
0.06815550407865
0.04957925048329
0.08987037405905
0.9101296234462
0.06815550383877
0.04957925010729
0.001556492266049
0.001532491719786
0.002686025950364
0.004939845939244
0.003576223075461
0.003140537929848
0.002963266406212
0.04957924888889
0.9101296197524
0.08987037277808
0.04957924921962
0.0495792449158
0.08987035856898
0.08987036936042
0.06815549866624
0.04957923373323
0.08987032770739
0.9101295913036
0.06815548729145
0.04957920112479
0.9101294996868
0.06815545410936
0.04957912443893
0.0898700276914
0.08987023997437
0.04957914504902
0.0495788886832
0.9101287750791
0.06815513605522
0.08986938494088
0.06815445192446
0.04957821828991
0.9101271110884
0.08986755582933
0.06815249689679
0.04957628561585
0.9101224978512
0.08986219692969
0.06814795484629
0.04957183104139
0.08984987741303
0.04955787105272
0.9100738210725
0.06813366242145
0.08981280344158
0.04953527149527
0.04952750699862
0.9099739625115
0.04946325116657
 0.909683523381
0.08973304503116
0.04947795859611
0.04939728039002
0.08960990250119
0.08958607480099
0.04939872539504
0.05021369901941
0.9052965961052
0.06826465690175
0.9957156754525
0.9956542027378
0.9956243680532
0.9975731399084
0.9975668016806
0.9955619507713
0.9953881072352
0.9952844914745
0.9952245105162
0.9963626002148
0.9973361187582
0.9951219401018
0.9948322312514
0.9946722885215
0.9945906635296
0.9958596905128
0.9969613119657
0.9944200586769
0.9938867510699
0.9935317092709
0.9933242934553
0.9948494587654
0.9961889821113
0.9929121638104
0.9917283646152
  0.99100144013
0.9905899966088
0.9903358967193
0.9945856352297
0.9945056905965
0.9896864289395
0.9195387058034
0.09433872644825
0.05517766647622
0.06047147430678
0.9879156091775
0.9867173108149
0.9858153098234
0.9919300036241
0.9916934602895
0.9838735038884
0.9812421265506
0.9799655497366
0.9881399399595
0.9873996295048
 0.973788131452
0.9784135018967
0.9817801855096
0.9765133905694
0.02222132811628
0.01317674363248
0.01118044887709
0.01543088161664
0.001093889080413
0.0007807193597496
0.000792504226351
0.000583514809014
0.001047571084291
0.001181274419038
0.001162409588675
0.0008757953239617
0.0006305751759498
0.001126196519435
0.0006198030586886
0.0004584392682777
0.0008283048803041
0.0004664887204124
0.0008507757799276
0.0006429214108297
0.0008428792511839
0.0004635948747866
0.0004629658387031
0.0004620392555351
0.0114931075496
0.0005883333540311
0.9961695840405
0.0007943428778845
0.0007933878569985
0.0004374942602219
0.0004373185231556
0.0007920287830882
0.0006003436369564
0.0004364670260081
0.0004362547865563
0.0005929000565698
0.0004391223985193
0.0004424194917464
0.0008039529367697
0.0006089189169906
0.0008006094449663
0.0004413339542728
0.0004410249083475
0.0004405584544925
0.0006008580630464
0.000444871032291
0.0004511129339581
0.0008156478851453
0.0008229728692004
0.0008201614684897
0.0004517084182513
0.000448320513471
0.0006173547654655
0.0004474989055727
0.0004470595317335
 0.049579251033
0.06688018923644
0.06688018923644
 0.950420748967
0.9101296248442
0.9101296248442
 0.950420748967
 0.049579251033
0.06688018923644
 0.049579251033
 0.049579251033
0.9101296248442
0.9318444951465
 0.950420748967
0.06688018923644
0.9101296248442
0.9318444951465
 0.950420748967
0.06688018923643
0.9101296248442
0.9318444951465
 0.950420748967
0.04957925103298
0.0668801892364
0.04957925103296
0.9101296248441
0.9318444951465
 0.950420748967
0.06688018923633
0.04957925103289
0.9101296248438
0.9318444951463
0.9504207489669
0.06688018923614
0.9101296248432
0.9318444951459
0.9504207489667
0.06688018923572
0.9101296248408
0.9101296248418
0.9504207489659
0.9504207489661
0.04957925103228
0.06688018923444
0.04957925103102
0.06688018923091
0.9504207489629
 0.910129624831
0.9318444951391
0.06688018922283
0.9504207489557
0.9101296248116
0.9318444951259
0.06688018919869
0.9504207489392
0.9101296247524
0.9318444950953
0.04957925101939
0.06688018913051
0.9504207488876
0.9101296246115
0.9318444950001
0.04957925099544
0.06688018896725
0.9504207487727
0.9101296242488
0.9504207487332
0.0006386406816031
0.000472198186327
0.0004838904171584
0.0008854803782473
0.0008823966929198
0.0004851884277079
0.0008725273404094
0.0006602941359785
0.0004788655095807
0.0004772971204627
0.0009051905656735
0.0006669602638731
0.0004927189282352
0.0005104049589281
0.0009189731761254
0.0009373736620528
0.0007057216776787
0.0005022565954021
0.0006934130176492
0.0007182624494933
0.0007106448442578
0.0005242244450555
0.001022064725845
0.001012131591143
0.0007633589079656
0.0005524943629344
0.0009945293071092
0.0009881747665163
0.0005415842867494
0.0005398478429349
0.0005344659206967
0.0007384464410766
0.0668801885539
0.9504207484686
0.9101296234094
0.9318444942348
0.06688018755515
0.9504207477184
0.9101296198277
0.9101296214505
0.9504207474269
0.04957924935142
0.06688018453137
0.04957924632428
0.9101296055661
0.9318444844431
0.9504207431424
0.06688017580632
0.9101295714222
0.9318444651137
 0.950420732708
0.06688015576923
 0.910129471834
0.9318444101006
0.9504207031766
0.04957921742121
0.06688009440756
0.0495791568346
0.9101292370174
0.9318442502643
0.9504206161829
0.06687992459881
0.9101285474215
0.9318438842057
0.9504204169755
0.04957898665765
0.06687942523461
0.9101268362308
0.9504196071673
 0.950419806771
0.06687828125275
0.9101210072738
0.9318396945061
0.9504181619558
0.04957733857781
0.06687476402963
0.04957388497053
0.06686636059702
0.04956533416501
 0.910103497494
0.9318296259898
 0.950412695663
0.06683889320927
0.9503927012164
0.9100474155046
0.9503878747961
0.06677009438819
0.9503540721551
0.9099233987152
0.9317246361931
0.04946446296651
0.06649858660843
0.9502578182061
0.9097778768592
0.9315868094766
0.04914879665899
0.06496261751985
0.9503746568634
0.9166106127362
0.9330543929885
0.05890368728856
0.9569816245411
0.9106733182523
0.9348636863697
0.04709503311595
0.9331198107636
0.9331198107636
 0.950420748967
0.9318444951465
0.9388591331192
0.9964719679649
0.9973237023861
0.9980526277033
0.9964685956832
0.9964642450208
0.9964614284287
0.9973156117974
0.9980462820257
 0.996455767863
0.9964486013788
0.9964444815886
0.9973015771516
0.9980355903532
0.9964352570317
0.9964238067841
0.9964179840709
0.9972807687533
0.9980200623166
0.9964060693598
0.9963893150999
 0.996380387227
0.9972512116267
0.9979976783052
0.9963630996237
 0.996339024871
0.9963225259945
0.9972065801147
0.9979645294583
0.9963010317143
0.9962652792388
0.9962482664955
0.9971468665706
0.9979200613002
0.9962186880758
0.9961864473479
  0.99617036135
 0.997088476959
0.9978768754587
0.9961380400809
0.9978507706235
0.9961250800506
0.9978546249248
0.9970370778686
0.9978378145871
0.9970569980927
0.9978107539448
0.9960113455706
0.9977586751532
0.9959745615263
 0.996931137742
0.9977338738317
 0.995916403637
 0.996896053613
0.9977242824591
 0.996899977303
0.9976938135512
0.9957982750572
0.001275567195176
0.0009085319049963
0.000917376265906
0.0006732076480516
0.001386515701717
0.001361668431518
0.0007421411834226
0.0007380183378686
0.001321717589834
0.001526645072288
0.001081020515237
0.001081465298362
0.0007922065634962
0.001412594372149
0.001789314988455
0.001739516644134
0.001297972512635
0.000929245334843
0.001645135419601
0.002276360775219
0.00212481264047
0.002049242438615
0.001529105481848
0.001429529791739
0.001043110356588
0.001847876522517
0.06495592633928
0.04872528727552
0.9099495751544
0.9503142192393
0.9503281746268
0.06652896665393
0.04940481757887
0.9100457583866
0.9317625288752
0.9503467669857
0.06678906425015
0.04953092473045
0.9100952759019
0.9318129607631
0.9503900214323
0.06685198933577
0.9101157591058
0.9318318040786
 0.950408383425
0.06686960952403
0.9101262409373
0.9101245688565
0.9504171701521
0.9504163672206
0.04957350838411
0.06687666525964
0.06687900186435
0.9504198658487
0.9101287704242
0.9318435972762
0.04957731898363
0.06687978045371
 0.950420442012
0.9101294138692
0.9101292760201
0.9504204967797
0.04957859397353
0.06688003295896
0.0495791653716
0.04957902309212
0.0668801360235
0.9504207094692
0.9101295150763
0.9101295821112
0.9318444553294
0.0495792216486
0.0668801709641
0.9504207350923
0.9101296118056
0.9318444812825
0.06688018294261
0.9504207443187
0.9101296211173
0.9101296196065
0.9504207451807
0.04957924095608
0.06688018679343
0.04957924967661
0.9101296236174
0.9318444939689
0.9504207478822
0.06688018826477
0.9101296238052
0.9318444943903
0.9504207484001
0.04957925041988
0.06688018847003
0.04957925038817
0.9101296223061
0.9101296229855
0.9504207481121
0.9504207482446
0.06688018773561
0.002142963247058
0.002030428532772
0.001471052795436
0.00258104764281
0.002689039943095
0.004588208094671
0.007299080314952
0.005853922927725
0.005340838220219
0.003860355277872
0.001953026614508
0.003382880447147
0.004031609233761
0.003786764653659
0.002773298761878
0.003256050575447
0.001753180259524
0.001716163198166
0.001621116203113
0.00229194175356
0.0668801856458
0.9504207462885
0.9101296124908
0.9101296175111
0.9504207457417
0.04957924959715
0.06688017895491
0.04957924079874
0.04957924744606
0.06688016006269
0.04957922164678
0.9101295590195
 0.910129575018
0.9504207274629
0.9504207316931
0.9101296044537
0.06688010552897
0.9504206868239
0.9101293510755
0.9101294429687
0.9318443800675
0.06687997505364
0.04957903644785
0.04957916868622
0.06687957954114
0.9504203114554
0.9101290942404
0.9101282364082
0.9504202207113
0.04957863908613
0.06687845326664
0.9504194772681
0.9101256683332
0.9504192054517
0.04957750651966
0.06687518292914
0.9504171637062
0.9101127745956
0.9101182057383
0.9504163446951
0.06686759834572
0.04956657351679
0.06684445039663
0.9503925586769
0.9100975152302
0.9100445117397
0.9317920462042
0.04954446717673
0.06679432956851
 0.950343702756
0.9098898257767
0.9316973740438
0.06669511985176
0.9502007172874
0.9087473931425
0.9094000696121
 0.931411227637
0.04949717359978
0.06664815289268
0.04950224197287
0.04941655099855
0.06878209478551
 0.901521833453
0.9470579070998
0.9480249038734
0.9957598712476
0.9957366325297
0.9976401899553
0.9976336733622
0.9956859415115
0.9975992421841
0.9967131690504
0.9975892436625
0.9975829567187
0.9967069741054
0.9975480019345
0.9955258990613
0.9954615449321
0.9954188448128
  0.99746117101
0.9974510056133
0.9953388854394
0.9964397471612
0.9973921709915
0.9973716198378
0.9963867054791
0.9973028806886
0.9950625283975
0.9949544138967
0.9948832502807
0.9961003234948
0.9971416083242
0.9947590945142
0.9970527365828
0.9947209489549
0.9970693919221
0.9970242904554
0.9970078051894
 0.995872532075
0.9969122974282
0.9943261938095
0.9966132135744
0.9937465923723
0.9941084920961
0.9939811891989
0.9954001368532
0.9936409326682
0.9964508777373
0.9964141265277
0.9962980724569
0.9949934968461
0.9947889199564
0.9960666817021
 0.992684991115
0.9954081464937
0.9914449768921
0.9921619595763
0.9919140053851
 0.993798354448
0.9949993732236
0.9912265627273
0.9950754209335
0.9947627783241
0.9929718770229
0.9924503647953
0.9942634903402
0.9892240323843
0.9885068327833
0.9910206493701
0.9932611311653
0.9925750858956
0.9871921580108
0.9927542561478
0.9922735762517
 0.988385273043
0.9909614588303
0.9825766140884
 0.989886456463
0.9894284446629
0.9817873250525
0.01293424848161
0.008158368636915
0.01216799518679
0.001106937501945
0.0006048783495316
0.0006020048641673
0.0007830480076837
0.0005767649811673
0.001036327882842
0.001202996396216
0.0006540217873999
0.0006497047094292
0.0006433595243274
0.0008436062116765
0.0006192410005086
0.0006173402980867
0.0004566255090911
0.0006281881260964
0.0008535588303113
0.0004698492816747
0.0004689441011482
0.0004646503567222
0.9846800278417
0.0005685559010043
0.003431026758889
0.0007949889369952
0.0004383357025952
0.0004381205124589
0.0004377992172236
0.0005896462353611
0.0004368760304126
0.0005919515778772
0.0005962606949938
0.0004433615325411
0.0008051192344532
0.0004437312877323
0.0006077243944949
0.0004497105741201
0.0004537078012108
0.0008250077499248
0.0006248572069374
0.0004527715728363
0.9101296248442
 0.950420748967
 0.950420748967
 0.950420748967
 0.950420748967
 0.950420748967
 0.950420748967
 0.950420748967
0.9504207489669
0.9504207489669
0.9504207489668
0.9504207489664
0.9504207489665
0.9504207489652
0.9101296248393
0.9504207489648
0.9504207489656
0.9331198107591
0.9504207489589
0.9504207489602
 0.950420748947
0.9504207489106
  0.95042074892
0.9504207488245
0.9504207486605
0.9504207486061
0.0006509279025561
0.0008892921552583
0.000489180967374
0.0004879710034434
0.0005000152061015
0.0004987866605568
0.0006860678636136
0.0005062131860759
0.0009431857601223
0.0005181633329895
0.0005162794203906
0.000704375432622
0.001029055372176
0.0005650963174373
0.0005628429505234
0.0005593717825539
0.0005574890305514
0.0007424741600097
0.0005479552965676
0.0005458132431636
0.0005442792737697
 0.950420748091
0.9504207463581
0.9101296179962
 0.950420745863
0.9504207469122
0.9504207372589
0.9504207391353
0.9331198044991
0.9504207162858
0.9504207216173
0.9504206549391
0.9504206708219
0.9504205117117
0.9504201962856
0.9504200908492
0.9504193084103
0.9318418598845
0.9504163708837
 0.931836321547
0.9100923885572
0.9504042961144
 0.950407293462
0.9503713434786
0.9503783156867
0.9316620500151
0.9503149011287
 0.950233206474
0.9532606310659
0.9553177451368
0.9101453384183
0.9506387257216
0.9509401477556
 0.998050453078
0.9973710447116
0.9980542741998
0.9973247309183
0.9980535114113
0.9973725092598
0.9980516030989
 0.996466560902
0.9973192528571
0.9980491201843
0.9980481551231
0.9973634015895
0.9980443771238
0.9964522582391
0.9973077544316
0.9980403557331
0.9980389307976
0.9980380817809
0.9973485377504
0.9980329231371
 0.996430396181
0.9980265162386
0.9972896588388
0.9980233166341
0.9980245055552
0.9973271990475
 0.998016641009
0.9963993106002
0.9963941852514
0.9980089314655
0.9980073121025
0.9980023288309
0.9972573720804
0.9972960336697
0.9979926897582
0.9963540489911
0.9963450848831
0.9972258588398
0.9979793293905
0.9963298998792
0.9979725479678
0.9979703020695
0.9972505403306
0.9979581725905
 0.996289179507
0.9962739264688
0.9979405617288
0.9979387024576
0.9962564469946
0.9979316934776
0.9979288540124
0.9971899449418
0.9979124806973
0.9962042920711
0.9961965871969
0.9978979382691
0.9978944774704
0.9978888683615
0.9978857599006
0.9971306046363
0.9978680121327
0.9978636355109
0.9978604102123
0.9970387315706
0.9977975383182
0.9969682909683
0.9959929094518
0.9977825093053
0.9977764456118
0.9968805797363
0.9976796319922
0.00129400793418
0.000972799035555
0.0007015317591885
0.0009010350053413
0.0007621712406795
0.001058852662632
0.0007490373977119
0.0007536070976429
0.000989072408503
0.0007268468378485
0.00157817353035
0.001170891175646
0.0008382049809387
0.001059128534929
0.0007765979149082
0.0009818501630223
0.001821779145753
0.0009928619272471
0.0009552011403984
0.0009644871873597
0.001237861045789
0.0009038311153407
0.002420869251897
0.002332586148663
0.001747274164828
0.001248370546374
0.002203807395229
0.00216856265266
0.00117996130966
0.001165329099947
0.001125093754754
0.001573505691923
0.001389735140279
0.00101471988845
0.9317220852059
 0.950319642501
0.9330463529717
0.9503783539344
0.9503706117334
0.9504035219446
0.9318360673229
0.9101272004693
0.9504190499674
0.9504187038432
0.9504181438649
0.9331183213802
0.9504203204072
0.9504202241033
0.9504206200982
0.9318443658868
0.9504205728746
0.9331197434593
0.9504206812917
0.9318444687257
0.9504207409194
0.9504207424154
0.9504207467541
0.9101296222589
0.9504207471153
0.9504207462449
0.9504207483213
0.9504207482363
0.9504207483711
0.9504207483991
0.9101296211827
0.9504207473577
0.9504207476279
0.9504207478639
0.00194979950204
0.001414114108578
0.003511228343129
0.002500103518125
0.004288745723062
0.009146700597609
0.007967644728019
0.005779700901202
0.003947473919866
0.006543326363059
0.00317355943291
0.006215781123015
0.003293671611102
0.002994765626866
0.002907025738151
0.002570636544204
0.00185239863152
0.003129246599758
0.002197236521869
0.002112914162355
0.002068550019128
0.001810165098013
0.9504207427719
0.9318444837632
0.9504207444924
0.9504207155396
0.9318444324468
0.9331197922129
0.9504207386035
0.9504206079728
0.9318442283474
 0.950420638571
 0.933119335371
0.9504204841185
0.9504200417189
0.9318431827441
0.9504187241498
 0.931840809134
0.9504119743552
0.9101058229181
0.9504101720768
0.9504148939296
0.9504138412722
0.9330901227615
0.9504045339614
0.9503678801916
0.9502714183183
0.9080716230338
0.9495349163106
0.9497231955566
0.9499452688573
0.9437461337343
0.9309455502344
 0.997658388283
0.9957765441699
0.9976637857662
0.9976505688611
0.9967983545894
 0.997616743474
0.9966807212825
0.9975279506646
0.9954881591136
0.9975009459729
0.9974920477782
0.9974772567425
0.9965455161191
0.9974230577496
0.9963424441063
0.9972699406363
0.9972091220097
0.9950009968721
0.9961914440795
0.9971847382426
0.9961202575557
0.9971018213896
0.9958047567776
0.9968594941676
0.9953856979258
 0.996538583259
0.9942218612912
0.9955647356216
0.9967367285665
0.9966931087663
0.9965033994651
0.9946200082469
0.9959415651712
0.9924575830844
0.9937141652136
0.9952564965595
0.9956506493577
0.9941319371025
0.9955656884927
0.9951837699995
 0.992111841683
0.9939977565323
0.9936022678498
0.9914883819539
0.9906781697823
 0.990529625209
0.009866346450961
0.006500030502259
0.0006093207102659
0.0006126338804812
0.0007743174690131
0.0005709227516695
0.000661283060994
0.000614902905952
0.0004712120561194
0.0005676898145615
0.0005677487816518
0.0004443399502069
 0.950420748967
0.000491125154941
0.0005685009960915
0.9503983483217
0.9973608183698
0.9980424211572
0.9973449219308
0.9980301453279
0.9973223809268
0.9980130260592
0.9980113192588
 0.997289283904
0.9979876355619
0.9979846503609
0.9979762911903
0.9972418376895
0.9979513737457
  0.99794346218
  0.99717813512
0.9979357433956
  0.99717935148
0.9979046062407
0.9977913991372
0.0009890630132468
0.0007120184868217
0.001610802728171
0.0008764604337159
0.0008659343663388
0.002485069770452
0.001860145711823
0.001326098052068
0.00129584807791
0.001660079000613
0.001209427432663
0.9504207476252
0.9504207467841
0.001876125589222
0.00327259908901
0.002339250060888
0.004913756800576
0.01017038796031
0.007308958319438
0.004509738893148
0.005070323811854
0.003550685881694
0.9976723962724
 0.996653152546
0.9962974834301
 0.995730258476
0.9968007589312
0.9944519000291
0.9958110870076
0.008084658302376
0.9980549392237
0.9923393304663
0.9973264074151
0.0005680926300356
0.0005679689733753
0.02277495086574
0.9980551880033
0.0005678925604378
0.0005676302371288
0.000567803020216
0.001715845924943
0.9973766223245
0.9980847712973
0.8637928892458
0.09364033060183
0.1580122121783
0.9505779542594
0.001128949925762
0.8750287792933
 0.875028779293
0.8750287792926
0.8750287792915
0.8750287792698
0.8750287792356
0.8750287788793
0.00126209607997
0.8750287767817
0.8750285059402
0.8750280937327
 0.893863381625
0.8762638649023
0.8838345523545
0.9949580365836
0.9942758242548
0.8749392404921
0.8750279013533
0.8750287658155
0.8750287778279
0.8750287777269
0.003966653536192
 0.874873215529
0.8745885580561
0.9934001327614
0.9925361528457
0.9915435105424
0.9881683339035
0.001097404646692
0.8750287792933
0.8750287792932
0.8750287791296
0.8750287782642
0.001263058215328
0.001206970868315
0.001414180318673
0.8750287457559
0.8750286848408
0.8750268907561
0.8838293717087
0.8838184514993
0.8748890906603
0.8834875108812
0.8745314184462
0.8853496504567
0.9950813974559
0.9950587560417
0.9950232314478
0.9953287078321
0.9951428893231
0.9946854149912
0.9947812328852
0.001909623105115
0.002451338747047
0.00270813350842
0.8836449935122
0.8749927661176
0.8838230579503
0.8750284053233
0.8838343742497
0.8838345155208
0.007745228339011
0.005425203933397
0.8750287663832
0.8838344285344
0.8838340184784
0.8838319692342
0.8838273621996
0.9936601352335
0.9929351058545
0.9917210413964
0.9889336381589
0.9857732478071
0.001552287891131
0.9953828659397
0.9951956798567
0.001696292322031
0.002013387291806
0.003303168717613
0.01182484140984
0.9901018217716
0.9953920437805
0.005758500708163
0.1003578729623
0.0005676013808873
0.0008579419290727
0.0005291107036084
0.002963531434358
0.003449793296543
0.004097498771546
0.7214143790331
0.9906613437617
0.002094052783485
0.9928356598532
 0.236646433084
0.9937993595397
0.00214749979891
0.001861786814318
0.00165920049521
0.1913512242788
0.001439193849009
0.001439577986357
0.00209722632633
0.2327743833465
0.2327743833465
0.1815205688992
0.2327743833463
 0.232774383346
0.1815205688981
0.2327743833429
0.2327743833366
0.1815205688783
 0.232774383277
0.2327743831557
0.1815205684948
0.001742633169582
0.1815205678578
0.1815205663186
0.2327743747593
0.2327743594344
0.1815205177215
0.2327742123938
0.2327739073462
0.2327730463318
0.1815175957813
0.2327646277269
0.2327040820296
0.1813571216732
0.2322005590804
0.2307258707276
0.2208750930652
0.9916378325878
 0.170211669012
0.2304415094679
 0.232210776554
0.2326053466401
0.1814733436579
0.2327538295869
0.2327674220231
0.2327719579065
0.2327740723916
0.2327742758052
0.2327743465906
0.1815205579953
0.2327743783321
0.2327743808616
0.2327743802913
0.2327743653513
0.2327743317673
0.2327742336151
0.2327732931185
0.2327712541454
0.2327654864196
0.1815013949282
0.2327095745319
0.2319771343334
0.9903140615073
0.9858950356247
0.9825020395307
 0.944034453894
0.002653616941612
0.002333382369606
0.002073262446067
0.001982654619233
0.002080256306569
0.002009140708085
0.002108864464741
 0.223607243842
 0.223607243842
0.2236072438419
0.8184794311007
0.8184794311007
0.7672256166533
0.2236072438418
0.7672256166531
0.2236072438416
0.8184794311001
0.7672256166515
0.2236072438361
0.7672256166284
0.8184794310484
0.2236072437321
0.7672256164839
0.8184794307311
0.001758019530436
0.002231663805124
0.002369303335327
0.0023788434168
0.002610163485199
0.8184794287747
0.2236072301896
0.7672255807739
0.7672255162064
0.7672253349022
0.2236069651752
0.8184788092959
 0.223606470949
0.7672235582481
0.7672096744758
0.2235915704958
0.2235669718763
0.7671754608408
0.7668164787156
0.2225892017193
0.8177507844042
0.2192927857837
0.7650394124075
 0.776392756158
 0.776392756158
0.9908603900617
0.9928509001091
0.9907862737356
0.9907151252123
0.9906161507952
0.9904651117608
0.9900636486239
0.9901698280864
0.9917341050824
0.003076247424252
0.003624259880442
0.004452413402416
0.005231498784511
0.00480027394365
0.2225193116985
0.7669653327973
0.2233132492441
0.8183999796554
0.8184475416536
0.2235955358699
0.2236033362716
0.7672229754218
0.2236058917014
 0.223606730231
0.2236070678621
0.8184793299249
0.2236071834973
0.7672255768125
 0.767225613141
0.2236072407029
0.7672256142463
0.2236072414998
0.2236072394083
0.006820177580054
0.01328148216702
0.009537822540665
0.2236072332926
0.2236072134642
0.2236071592401
0.2236069979587
0.8184791375531
0.2236066146706
0.2236054739178
 0.223602210954
0.2235019956415
0.8183491344791
0.2233517674652
0.8181146039318
0.2230269180205
0.8174443988385
0.2226361880693
0.2253876160845
0.9887818318658
0.9890031398902
0.9878601837523
0.9896150949288
0.9862294738629
0.9877540693002
0.9826614271529
0.9834931964012
0.9749306291483
0.9696909265985
0.9617739626129
0.04260527574351
0.002621033258805
0.002064886071672
0.002101124545421
0.001971543853695
0.001979292419977
0.001993870904147
0.002032809641273
0.001663801042665
0.7763927561436
0.002296331745908
0.002357830346584
0.002484269749931
0.7763927353334
 0.991216186562
0.9908454709439
 0.990806358449
0.9911368005204
0.9910660987795
0.9909626060162
0.9926112585114
0.9908113757939
 0.990610413302
0.9904111689555
0.9901071295403
0.9895791301205
0.003329367083394
0.003016191075868
0.003622204883669
0.003311812361481
0.003546969420697
0.004152519453429
0.004649612141534
0.004658368140392
0.7758242865414
0.7763884306842
0.006542879134027
0.01181492718179
0.01530287360886
0.008635575829604
0.01073755906615
0.7672255788728
0.7763926944669
0.7763911859427
0.7699435659576
0.9893087328117
0.9889145175926
 0.988468520567
0.9877902330954
0.9898590866606
0.9860088937431
0.9848884663912
0.9820774707133
0.9737738429926
0.9691098362557
0.03277080739627
0.002591245868567
0.9912112014807
0.9911774632599
0.9911246189544
  0.99105043551
0.9909398243724
 0.990782445136
 0.990573943859
0.004952577970752
0.01099085228101
0.01931217972135
 0.988823284936
0.9857650155649
0.9815267163884
0.003267818271259
0.7009551855611
0.9870669313651
0.01053859352587
0.9786206466837
0.9703731723583
0.002833413089725
0.9879914344121
0.9875263865172
0.9866260708276
0.007109947745729
0.7009364044824
 0.700946738846
0.7009310624985
0.005278535669413
0.9930856283485
0.9912399076501
0.2220597896409
0.2197281096121
0.2220597896388
0.2197281096113
0.2220597896014
0.2197281095964
 0.219728109313
0.002121200855062
0.2197281088532
0.2220597847459
0.2197281076455
0.2220596923226
0.2197280714446
  0.22205425277
0.2197259701689
0.2217485239809
0.2196143436747
 0.989714510409
0.2165663161814
 0.183903432793
0.2220254743961
0.2196361727079
0.2197280889448
0.2220597818275
0.2197139002868
0.2220232154648
0.9880189098176
0.9428350502672
0.002803147747095
0.002140344976361
0.9912469644199
0.9900475543847
0.7779400140667
0.7778441125114
0.9871382759936
0.9847194211199
0.9792210062374
0.002021178350666
0.00267735186035
0.005527928671888
0.7431722030742
0.0169219241612
0.9878566318358
0.006187138217776
0.02664239423227
0.8565020419147
0.6745882058112
0.6745881968323
0.6745868858677
0.6745881856846
0.6745882009774
 0.980788276678
0.6679032626222
0.003709946894748
0.6678964076579
0.6676821761244
0.7259599309907
0.9862094139124
0.006525685673428
0.7259926215983
0.0215168724138
0.6745881865229
0.9891004025981
0.9762661601269
0.003789886067275
0.1766057918463
0.002829330715987
0.2631042450034
0.00424449540079
0.9869988500803
0.9871567784732
0.7778065623803
           0.25
0.6071134863779
0.00263626194321
0.00354838707007
0.002813496064264
           0.65
0.9846775135941
0.00839275604147
0.9628303341301
0.9292873906545
0.07256021724717
0.00207042726009
0.9830768975145
0.6487322127718
0.6631824669222
0.6481049501453
0.6819083859351
0.6819083862502
0.6739905821603
0.002346474376038
           0.45
0.9490128821164
0.003489326454204
0.6278948379756
0.003304416629082
0.003325685676205
0.6468522381227
0.9435447493495
0.9814995203419
0.6997475185006
0.5938229894741
0.7527766962381
0.9888676972611
0.2243557710463
0.2243301722051
0.2243549170535
0.2243557642994
 0.224355384093
0.2241895384061
0.2239575533623
0.2235344469226
0.4859368553947
0.4859368553926
0.4746648510071
0.005832991545822
0.4859368506876
0.4859367622519
0.9720472623492
0.4858526707746
0.4438431279301
0.9676220193426
0.00782071071771
0.9760810964322
0.5233714221739
0.9654015371663
0.9592463824305
0.005508012833459
0.01561819449828
0.0501585884936
0.8587623932731
0.4289951812235
0.4244242345609
0.4424298922035
 0.424160926997
0.4519884214302
0.9504603462792
0.005353866769879
0.7000992025555
0.004424521207114
0.8968081651534
0.3940859799081
0.4950287874584
0.5085007241313
0.4607261101859
0.4506584253244
0.4310626170466
0.5263125740895
0.5243354895248
0.3335815360538
0.6788960173316
0.3335815360523
0.6760552679645
0.3283690576724
0.003814344668103
0.3335815323862
0.3335814624232
 0.978163971172
0.9816671153812
0.3334959654424
0.6788157732347
0.3149760997925
0.9787422765131
0.005096697876994
0.9843361894138
0.6711138869407
0.9732180383699
0.9772370562977
0.9731299522639
0.003613916709615
0.01302907340525
0.01013396121607
0.04851923855987
0.03274588913751
0.9016058671312
0.3046057220363
0.9664893790707
0.003801355839612
0.003995393729636
0.3491113698663
0.3563216114343
0.6393658384942
0.4042459282418
0.4015652490142
0.6960594622103
0.4032300051929
0.4675574130044
0.4675574130034
0.4682897720927
0.4447957945253
0.4675573693305
0.9849831287449
0.4673690555259
0.4536174918072
0.5363214638372
0.6491804777084
0.9815971942884
0.009050911477832
0.03534641129262
0.4385095547881
0.6390733697529
0.9833753554465
0.9789274263986
0.9794946118296
0.9745735418657
0.009584194887305
0.01328915405914
0.0337265603922
0.05742843836627
0.5006395698439
0.5282209220121
0.7019882029741
0.4954158953792
0.5231598328089
0.6963204613278
0.4953968319892
0.4331458324626
0.6101585775518
 0.506195302951
0.6877143060917
 0.491706963498
0.4949151716176
0.5006395656232
0.004655651445667
0.01072803934927
0.4910474037688
0.7575668085661
0.4936430767163
0.5928479010748
0.9605671352283
0.007544043622884
0.9710118874474
0.02632726339479
0.9726675219652
0.9730966882274
0.4571438332027
0.4572143946341
0.01272929735936
0.00713377734812
0.4434442567658
0.4733496338381
0.4871340706436
0.9586852010948
0.007822466025792
0.6946189054175
0.9717152309786
0.01413023161601
0.7436370379055
0.003436774226039
0.007541788016532
0.005468582692269
0.1669050514172
0.2856243631574
0.2418249691569
0.9661281959922
0.00550533850806
0.9712100133956
0.9675126024393
0.4344925461116
0.4500652020065
0.4212645366043
0.7756103368969
0.5790505957423
0.005968739929998
0.7253025458078
0.4817766300205
0.6297667940589
0.005313654700812
0.005714252378076
0.005446263151776
0.7327546431134
0.4399146682334
0.9191298792386
0.9722020483516
0.9865085009566
0.9837720228672
0.6145076419729
0.4376816348182
0.9652388011957
0.01042874493107
0.9733996045278
0.9750706385175
0.3665194117816
0.4023912274906
0.9613103664312
0.005772989347779
0.6080936322668
0.4761503435373
0.9484552795972
0.7728200991756
0.6412360781928
0.5698090761127
0.3771135837448
0.3993945309685
0.8967900219335
0.9597113778656
 0.963128827071
0.003081032709081
0.6085402771657
0.5990835819202
0.7205600220686
0.5678605116604
0.3605484271923
0.3329591798047
0.3329591798038
0.3332554180424
0.3329591390789
   0.6298747381
0.3328018374433
0.9779280217067
 0.972714532851
0.9819334729055
0.01249097083024
0.01529901258843
0.01118995009501
0.009423291046698
0.04180155661441
0.05714399501396
0.04210706910088
0.3516493744358
0.4375359065278
0.4136292414537
0.3666135943677
0.4368369810795
  0.45826827378
0.3487878052762
0.3976008562461
0.4132609792612
0.4180383645689
0.3487713673829
 0.672267447734
0.4216124952403
0.3542620363441
0.7884012358867
0.6373096412126
0.6215852003165
0.5011541981836
0.4219170300027
0.6784143508018
0.5644648178518
0.3856019567492
0.3465289752183
0.4274316920299
0.3485116590456
0.4329190892327
0.6448560682881
 0.593859298216
0.6073064519072
0.3889934805311
0.3516493706882
0.3907530324344
0.007640577767362
0.007365084290515
0.3463874206078
 0.385198291197
0.6298654421794
0.3487353781165
 0.634568175598
0.6413231989115
0.4224739257101
0.9317268610688
0.004964528426064
0.9809536890202
0.03558497300089
0.01750548686688
0.9820352626747
0.9812752781994
0.00837371365107
0.004963832347294
0.004874687488252
0.3365833701863
0.3963760016917
0.4155515112637
0.3442308068847
0.4266360291377
0.9728358169475
0.006552673791176
0.005130980854907
0.7755376219036
0.6318073517405
0.9814718255257
0.009306980477537
0.00493752611923
0.3659065632466
0.9747722972632
0.9774039357816
0.003879037674004
0.9810226244641
0.9786471898477
0.5554030057965
0.003943450575263
0.3417495391762
0.4363445902362
0.3924662655003
0.00358552241436
0.005417470184237
0.003775545294371
0.003661247868366
0.9451997707454
0.9817368651535
0.9740026681886
0.9912546565234
0.9909578133673
  0.97686798748
0.00672570794408
0.9825204755165
0.9833690235518
0.9731711395904
0.9738494874668
0.003846269743486
0.006089200658523
0.3368449176794
0.6307736254567
0.6587058462541
0.9659803765325
0.9554631569924
 0.461881086531
0.6490100280961
0.8458514295827
0.9549621633947
0.9223113753915
0.9337388921911
0.9757142099397
0.003059353933081
0.5246204172986
0.5756192415117
0.6718159657303
0.6284253730307
0.5718136262712
0.6565239663464
0.01094363156527
0.1105256847038
0.6387811919557
 0.365532768711
0.4607723660895
0.6007874780786
0.5671937282825
0.7401224615031
0.5465384424798
 0.354779567344
0.4870826960734
0.6800732251153
0.5631516543856
 0.553463849168
0.005435276495551
0.006108860947442
0.005249804032729
0.006333630134466
0.5371145852678
0.7785446302813
0.4350706283302
0.9540114285511
0.0240115225089
0.9866591417734
0.9835727793276
0.003562466361558
0.003837985072129
0.006911505186073
0.004509444435387
0.006213364263312
0.2876552427067
0.9824615036166
0.9819109643541
0.9788911290174
0.9825841009986
0.9872365790932
0.003438491370157
0.002308345833751
0.005578908660701
 0.525510074517
0.004238766003725
0.9794449058882
0.004740323599641
0.9790048666086
0.9823707249635
0.004002815135498
0.9695337338182
 0.959040220299
0.5775319971472
0.7295747406081
0.5274111821078
0.7691310860717
0.6066793314011
0.6009255268337
 0.340680312906
0.6017642259401
  0.38791236931
0.3167332792999
0.5540036734525
0.3724881528082
0.02528975975431
0.00454798103923
0.005271699049919
0.004661334627943
0.3117447160243
0.00435812074008
0.003950940174899
0.003790320259097
0.9805790878315
0.9689695234789
0.9854626264987
0.9635884395921
0.9700689448647
0.9652878855367
0.7715400569047
 0.716907874578
0.01762597389169
0.3903386316122
0.002644955958126
0.002951141583402
 0.984145192591
0.9837511967601
0.9891039661447
0.9825521571871
0.01901608687344
0.02236872928919
0.3718603559499
0.01642605163081
0.3273722275931
0.3081688272982
0.3082495692315
0.9874697488953
0.0026864245322
0.00530568841616
0.7292956368588
0.9895017971607
0.9792721154249
0.008294654386137
0.01565244477299
0.9802256165527
0.9580223701153
0.9695245057744
0.9707634529301
0.9617651310443
0.9684736664989
0.9734954138495
0.002553865781853
0.005117548429372
0.00459784411503
0.003627991991918
0.003151837485555
0.00221081261012
0.002387187042536
0.003833663402028
0.006479563437453
 0.990958983313
0.9807323282195
0.9891418238895
0.9767633880448
0.9831033987233
0.9841804697662
0.9822490356254
0.9899677055262
0.9808969014566
0.006236606364222
0.01329249309083
0.01141524818096
0.7282788560393
0.7260164257357
 0.572825391254
0.3971531719404
0.3427146000966
0.004077409295571
0.007688266115177
0.004829608777928
0.007092709781672
0.01245362123281
0.002143570755097
0.004396950984408
0.9877773115167
0.9841766449924
 0.978251694475
0.005315988448353
0.0102604398544
 0.718862340684
0.5911438493684
0.4070621960231
0.5610185982103
 0.719622904341
0.7824201007998
0.5563039778989
0.7188623118898
0.7188623374712
0.9869790253887
0.9832077839253
  0.96714088238
0.9752721245195
0.9679578453328
0.003180230866376
0.006213435136196
0.004702467082056
0.006273624992378
0.7163298812337
0.6084251711372
0.5816287403267
0.5812968500435
0.9905992703664
 0.984069816529
0.9719354327359
0.9789820877407
0.9808958224293
0.9880425275072
0.004526946354141
0.007764993139807
0.01320081287562
0.009990340001553
0.008753842790085
0.005506002010379
0.01556202770594
0.01730343478685
0.03297991402371
0.02568969499134
0.03737825676609
0.7188623130324
0.5357168074783
0.6215853445315
0.5212045279263
0.3911654298134
0.002650217054969
0.002940837434322
0.006085155573578
0.004466777271107
0.00492882880416
0.9884421296345
0.9898349572831
0.9834238220237
0.9725142094135
 0.978814884523
0.9774741482063
0.009121281071212
 0.015279114195
0.9726685897435
 0.974881148318
0.9587208456017
0.9331853166442
0.9481561307857
0.9473973755095
0.9864488251926
0.7700498940126
0.6176849002896
0.4971323726754
0.5840361826812
 0.349644771073
0.7674015465993
 0.754976302211
0.5928488861971
0.3318017570765
 0.767284786778
0.00217523037805
0.003519210590984
0.005828371017537
0.004508202013103
0.00217214907597
0.003467767772376
0.00218996858385
0.003507815097471
0.005619970749293
0.004402120765896
0.004741527621559
0.002185492894259
0.9639385654581
0.9441797960055
0.9084410614736
0.9279103582802
0.9145617994304
0.9610705718034
0.9378043109211
 0.937328543181
0.9555150072479
0.8882771866262
0.9125950301043
0.9170143088271
0.4510771778439
0.002937594776515
0.004543888989919
0.006771952931349
0.9725434481729
0.9811090094318
0.9764885463467
0.9843493724603
0.005782431471319
0.9792250799886
0.9686322072953
0.9729643981764
0.00283131153519
0.003487067418916
0.3612705777564
0.5502336628022
0.5611277742888
0.7721555156783
0.7434500137293
0.9784082706343
0.5845995922877
0.6314305550696
0.6310300880937
0.5249221384517
0.4766355409357
0.3416203324338
0.3569817982488
0.3598807654646
0.6070156969138
0.5848993331786
0.7196052901378
0.6537653429884
0.5954537129294
0.7123540491461
0.3856555076849
0.5970499658827
0.7290127992769
0.6035689285922
0.3620071985331
0.3524367435405
0.7689444985084
0.3515541948243
0.7530156365122
 0.729917103202
0.5203965745796
0.5566516788239
0.7120223831553
0.3489392653541
0.5490213157317
0.003658935856061
0.9347237828943
0.9524764472183
0.9842522040154
0.9769229337687
0.007677846954986
0.005847556409202
0.005527541154915
0.9828565349795
0.9843242564495
0.003916738090078
 0.535181136972
0.3739636224617
0.3614837022176
0.5092284696414
0.8819232853309
0.7561653243511
0.7240019213143
0.6148412767807
0.3576514707995
0.7207019769128
0.004183304533218
0.009927960260733
0.006612246182212
0.6716470323512
0.9580142514506
0.9890793551533
0.9691124096784
0.003986836057505
0.7521346903794
0.7794025426717
0.5471213911757
0.4850946432975
0.6837431193389
0.003334972263703
0.004957357356899
0.008294258396388
0.9894386777245
0.9852739735711
0.9810080808474
0.9759792197569
0.0121560851244
0.01553151495617
0.2333881023843
0.3464961346374
0.3489677876655
0.9841507214415
0.9699583963326
0.9781444471208
0.6235083091476
0.01348319352506
0.01028094826613
0.9844318884186
0.9783571621104
0.9562193594096
0.009325272576203
0.007739701099486
0.02526857246933
0.6086421089466
 0.420199461453
0.5638550689275
0.006517495164109
0.009548153134564
0.007028426839144
0.003453316202819
0.004232109901701
0.007362506046596
0.01062060157606
0.01801150202777
0.01336089834221
0.3681641201551
 0.616667674868
0.9771370197538
0.9843426522013
0.007027993692717
0.02876177860855
0.3574245056931
0.03340639260388
0.01770524921509
 0.955852075392
0.9826331715983
0.9891534883503
0.9887400477216
0.9809810632274
0.003362223782654
0.8642763876914
0.9751691286219
 0.962449159562
0.003564048189461
0.005217491025039
0.004067534773655
0.006018352782219
0.002705748622487
0.003272568488161
0.004576514177512
0.7401032155895
0.5790328953341
0.7452202097083
0.6063904780276
0.4601273435037
0.5322541020975
0.7847129360489
0.6159871106361
0.8841576486777
0.9805538970671
0.9803136932044
0.9853844312463
0.9787326742681
0.9658328204498
0.9889553544013
0.003353948818902
0.00252248944261
0.9190089507177
0.01158446462263
0.005076278556199
0.007493965427011
0.006776333626973
0.9762909314193
0.003348591509461
0.004857934481292
0.002395438734163
0.00860079857423
0.7817441029751
0.6857806464208
0.8080499024622
0.7306783773232
0.6923284193183
0.7721347226909
0.8127317167705
0.4189519600302
0.4999999668547
0.4835336178459
0.9664924615034
0.2726808771508
0.3222668255373
0.9838788576672
0.01169683859988
0.3370407653237
0.3670303631892
0.01373114946848
0.3408220545978
 0.981921518658
0.9835116522575
0.6744979985426
0.5761126137366
0.6048783165537
0.6278637057053
0.5754951482802
0.6068101335114
0.5472194197743
0.6437175820494
0.6378171543051
0.4342643916222
0.4189261646823
 0.550566535722
0.6386762445477
0.7340453384444
0.7091341182539
0.9641377656332
0.2955382829132
0.2733652853289
0.2661933375272
0.9880214357385
0.9831252558025
0.9886714245184
0.9790497395895
0.9850630543946
0.9884140606862
0.5449260071581
0.5017649524964
0.5228494906612
0.6685276885983
0.4020631260585
0.4459394564336
0.2763576577192
0.4605487286739
0.2840587272239
 0.253147900202
0.2535016863559
0.1999011796755
0.2521540290055
0.2598725443268
0.002603748892938
0.7051167857488
 0.774112006304
0.5744299243158
0.5446332063292
0.3826202354647
  0.38587820931
0.1322344309245
0.7691613329599
0.7735019883583
0.7735019885505
0.7735019938098
0.7312599998279
0.9279353044559
0.6831340407696
0.5663214463818
 0.937439077845
0.3854900371922
0.006534668034957
0.3773915330496
0.3813800486594
0.2594467456197
 0.373625285793
0.5824633486842
0.4098302698064
0.4140468645476
0.5535439608521
0.3711845844022
0.5419559343822
0.3724822889828
0.5937382618881
0.9772862450507
0.4079941492765
0.08643846536312
0.01211056369645
0.9809544964614
0.5742347388341
0.004919114332016
0.8202419212294
0.00405020948402
0.9843006968627
0.9842143237649
0.5526930464913
0.5046618365594
0.3723240167821
0.6314262368871
0.9330786541564
0.01256745684822
0.06624238459994
0.9568967765045
0.9809335887632
0.3972405524133
0.9796647047302
0.9851556064298
0.003380501989861
0.003308381036518
0.02808085155482
0.8699033341259
0.9853703038678
0.6313980046937
0.5355497918288
0.2285760315237
 0.211836674115
0.1936686145091
0.2437028425269
0.1995095258829
0.3446173532368
0.9853284133778
0.5400774883816
0.2285762739776
0.1335790285802
0.09629976921233
0.1625524672051
0.1669675416843
0.9842043764725
0.9859131306672
0.9777761686929
0.004176247045899
0.003213144916157
0.004262709483194
 0.365894617666
0.5347859327348
0.5750577937976
0.4543143641221
0.3994564996192
0.3389471145559
0.6022862394724
0.5629589874276
0.5739630892676
0.5003567768092
0.5327315122646
0.5285927626298
0.5063303616746
0.5541492097708
0.5511930908334
0.5794070776751
0.4091905699605
0.3329574219132
 0.369753574122
0.4886502928359
  0.45765551309
0.4671855938055
0.4803924979106
0.4699271278208
0.4336109433965
0.4378688457347
 0.411956505994
0.4252436844011
0.4455896646046
0.4717422497108
0.4198419751127
0.4769337400612
0.4357502113511
0.4381847902293
0.4620750002032
0.4374320611363
0.3926274523484
0.4730022698313
0.4506100338376
0.4039692442585
0.4105318031883
0.4755130910269
0.4757685376972
0.4459326556039
0.4613481043053
0.4483689806981
0.4150799234737
0.3660695529462
0.3818241278029
0.3628320305573
0.3520685446297
0.3533378884691
0.3863044689612
0.5141783471688
0.5000488302948
0.5064980271843
0.4930339757714
0.4897421328887
0.5075862151658
0.3812447962171
0.3587810411977
0.3458377550438
0.3039647276983
0.3251100934451
0.3156717525688
0.3119714119918
0.2959478860648
0.2796797046974
0.2839176039051
0.2935727586477
0.3217757767604
0.2580503669406
0.3284785663297
0.3076631015212
0.3370593802683
0.3173838671502
0.3302002075358
0.3458956335692
0.3299444508006
0.3139035168629
0.2972516500538
0.2835155561892
 0.292845695141
 0.298673709771
0.3043947193126
0.3111789444484
0.3126938015374
0.2952561940949
0.3845795277586
0.3747380089223
0.3431128639597
0.4050465516413
 0.371281789044
0.3615614609749
0.4180762573995
0.3961356839375
0.3990803890264
0.4234947767244
 0.409451206438
0.4269933258282
0.4144554371021
0.6576024859561
0.5318969818346
0.6800643891668
0.6678087636831
 0.543761973437
 0.948366398617
0.9708119316275
0.9784955814912
0.9783115059151
0.01276841351717
0.04919750432228
0.9446991357664
0.9017017917271
0.9449488242725
  0.01262760339
0.0107195517736
0.0141727244436
0.9715811475489
0.9789736969599
0.9740231284943
 0.954312004471
0.9475704216887
0.004521916288839
0.9790843993108
0.9541507938202
0.4573657226341
0.4723857993385
0.4272619939417
0.4453141554326
0.9308839848144
0.9442327254722
0.9851753069712
0.9851391400751
0.9852700313866
0.9770242022609
0.008630726177398
0.004808301493228
0.03134323649003
   0.9459444907
0.02178474654873
0.9445354357896
0.7797496716046
 0.156071158999
0.9625130149622
0.4219023792899
0.008202714769245
0.01956274650313
0.9542087103563
0.01585770511229
0.9665198323627
0.01190626264402
0.01232316542152
0.9152656995618
0.5687309547543
 0.265351458984
0.9260968649712
0.9169082802322
 0.916944288701
0.7850045127579
0.01164888605385
0.01716591085886
0.01156835747718
0.7056061439962
0.01587496486672
0.9276993247562
0.02300121536675
0.2099597146195
0.3191643461546
0.01049005383137
0.02236015575994
0.01676300049491
0.9061043425917
0.06499121109235
0.4926137958834
0.01518310334153
0.9274641849543
0.9106712651404
0.9086086464221
0.9354236475071
0.8237155515945
0.0194519955855
0.04418464567135
0.9377920773198
0.9476380989138
0.01575012905789
0.8982857470313
 0.886122037418
0.1099128476943
0.9170726153597
0.02243943245368
0.03359257894651
0.02995334794203
0.02827841620583
0.03907334216268
0.8444392700575
 0.830823936072
0.8708227855894
 0.890506232312
0.8712453665686
0.8202342237223
0.8491745269656
0.02224622701481
0.7819267793924
0.0243488663443
0.03901926282576
0.9067264896351
0.9271454560812
0.9015175192975
0.01844827000737
0.7620047964218
0.06205667488506
0.04546632694073
0.8112195466226
0.06255094644601
0.03404543840696
0.02954000384506
0.5615876963531
0.04301950976785
0.0360136707933
0.6326515114046
0.2001758208727
0.3380584306376
0.7911026786278
0.6929663398047
0.8519956360831
0.8854527058001
0.8490527457067
0.02725539194737
0.0674520748192
0.04117532091005
0.2418888407005
0.8290790044799
0.8064158205462
0.7297624082886
0.05338349856616
0.03459205536575
 0.107911377268
0.05351934568367
0.07051508653785
0.09648581253463
0.07994961791568
0.07762932759198
0.05903346232027
0.7509948885122
0.6232462497012
0.6896503204286
0.7269901485282
0.6448057343959
0.4956992240984
0.05777973757497
0.7873315715438
0.5863444165992
0.6743541338577
0.7220699093903
0.5877271654434
0.1673289771429
0.07283298879318
0.1028144752788
0.0889451273843
 0.798638642022
0.6527234880508
0.3803193730475
0.1067853717805
0.08047061446209
0.4714769403193
0.08110968342634
0.5539925229913
 0.442562291955
0.08883166374523
 0.103907515264
0.09577325608119
 0.356907778027
0.1207594831442
0.08818230946009
  0.46121577629
0.1347980099454
0.1186749193167
0.1245133472845
0.1542041675644
0.5030335699372
0.5478821607807
 0.439578246476
0.1021446036148
0.09778032756705
0.4023713911344
0.3363889126777
0.5182520194249
0.1080091591482
0.1108421471006
0.2777274855808
0.1790551046854
0.1065826553077
 0.221058492411
0.2361460585711
0.2772410945453
0.1289932458163
0.1128002549149
0.1002401268629
 0.106251400662
0.1077450849256
0.1801766354456
0.1320679095498
 0.155879453344
0.2326589016086
0.04328808948403
0.03350659400316
0.07499073923256
0.04928368335787
0.0385426642335
0.3172753182891
 0.369049269279
0.3295519960199
0.2940338663944
0.1731261620115
0.2222208979523
 0.219724068082
0.2624580462563
0.1009446935755
0.08044806889721
0.2038183994032
0.04741494541068
0.04106008039353
0.03131061232623
0.03606664693619
0.06353648428369
0.08807056116751
0.04699914134866
0.0543040652963
0.1366905592119
0.2073084737411
0.0656216427268
0.04157046308119
0.1202598053171
0.05489810480297
0.1562009622113
0.0963808899242
0.09207677652808
0.1247271125079
0.1501590266166
0.1265036391582
0.1419706758094
0.09249407702181
0.1089822242777
0.1107963455714
0.1177092935317
0.09475646547336
0.1706984344928
0.1701846331998
0.1099564494879
0.1374089318922
0.1197789374345
0.1471108591008
0.1253241634536
0.0882931812277
0.08086170820456
0.06116593150204
0.1576192474943
0.07531447092189
0.09517492934154
0.07760796887247
0.1332910284698
0.08826224395576
0.07039150503189
0.08156276101007
0.09452530745123
0.09858773536273
0.07452401667827
0.07348501958965
0.0774084104464
0.0878554276921
0.05532086089205
0.05344036015686
0.1063722009233
0.05803447265766
0.06419553365331
0.0657826580365
0.05537726706364
0.07057541329748
0.05172302343103
0.1073227968464
0.09298510849132
0.1060611094032
0.06546204128936
0.07361855004132
0.05946092903353
0.07290811707391
0.05272250574515
0.06660846576212
0.05436630894221
0.06056166219487
0.05913530974819
0.03958316996133
0.04226104303706
0.04687623732928
0.04565952977232
0.0406568534494
0.04956980899658
0.05212097189005
0.03635184109625
0.04257185900379
0.05661171172485
0.04366886785858
0.04499506813888
0.05534967013458
0.04410625547259
0.04583310520965
0.0413651200063
0.04353515526214
