0.001905421750895
0.001972379338939
0.002006587258735
0.001998240942661
0.002000176822389
0.002007655633015
0.002015413136021
0.002018517684928
0.002028816611437
0.002042778949135
0.002029812545307
0.002034992759314
0.001960989306511
0.002114913218628
0.002261908877639
0.002417348721278
0.002587239207549
0.002777289973374
0.002987501018752
0.003237772098063
0.003537303053778
0.00389237191379
0.004321674370764
0.004854595889495
0.005548623030883
0.006466434787719
0.007764357721318
0.009696467364588
0.01294243724163
0.01940011197073
0.03866994112219
              1
              1
              1
              1
              1
              1
              1
              1
              1
              1
              1
              1
              1
              1
              1
              1
              1
              1
              1
              1
              1
              1
              1
              1
              1
              1
              1
              1
              1
              1
              1
              1
              1
              1
              1
              1
              1
              1
              1
              1
              1
              1
              1
              1
              1
              1
              1
              1
              1
              1
              1
              1
              1
              1
              1
              1
              1
              1
              1
              1
              1
              1
              1
              1
              1
              1
              1
              1
              1
              1
              1
              1
              1
              1
              1
              1
              1
              1
              1
              1
              1
              1
              1
              1
              1
              1
              1
              1
              1
              1
              1
              1
              1
              1
              1
              1
              1
              1
              1
              1
              1
              1
              1
              1
              1
              1
              1
              1
              1
              1
              1
              1
              1
              1
              1
              1
              1
              1
              1
              1
              1
              1
              1
              1
              1
              1
              1
              1
              1
              1
              1
              1
              1
              1
              1
              1
              1
              1
              1
              1
              1
              1
              1
              1
              1
              1
              1
              1
              1
              1
              1
              1
              1
              1
              1
              1
              1
              1
              1
              1
              1
              1
              1
              1
              1
              1
              1
              1
              1
              1
              1
              1
              1
              1
              1
              1
              1
              1
              1
              1
              1
              1
              1
              1
              1
              1
              1
              1
              1
              1
              1
              1
              1
              1
              1
              1
              1
              1
              1
              1
0.8132280768921
0.6693504580649
0.5585991939893
 0.466684104991
0.3893816031907
0.3188200980724
0.2507339068779
0.1801838832125
 0.100323304128
              0
              0
              0
              0
              0
              0
              0
              0
              0
              0
              0
              0
              0
              0
              0
              0
              0
              0
              0
              0
              0
              0
              0
              0
              0
              0
              0
              0
              0
              0
              0
              0
              0
              0
              0
              0
              0
              0
              0
              0
              0
              0
              0
              0
              0
              0
              0
              0
              0
              0
              0
              0
              0
              0
              0
              0
              0
              0
              0
              0
              0
              0
              0
              0
              0
              0
              0
              0
              0
              0
              0
              0
              0
              0
              0
              0
              0
              0
              0
              0
              0
              0
              0
              0
              0
              0
              0
              0
              0
              0
              0
              0
              0
              0
              0
              0
              0
              0
              0
              0
              0
              0
              0
              0
              0
              0
              0
              0
              0
              0
              0
              0
              0
              0
              0
              0
              0
              0
              0
              0
              0
              0
              0
              0
              0
              0
              0
              0
              0
              0
              0
              0
              0
              0
              0
              0
              0
              0
              0
              0
              0
              0
              0
              0
              0
              0
              0
              0
              0
              0
              0
              0
              0
              0
              0
              0
              0
              0
              0
              0
              0
              0
              0
              0
              0
              0
              0
              0
              0
              0
              0
              0
              0
              0
              0
              0
              0
              0
              0
              0
              0
              0
              0
              0
              0
              0
              0
              0
              0
              0
              0
              0
              0
              0
              0
              0
              0
              0
              0
              0
0.02933197917202
0.01675890463217
0.01170171289852
0.0089833389905
0.007270178183792
0.006134167957899
0.005304064049301
0.004671047257469
0.004164279986593
0.003759703815484
0.003423631761581
0.003146220900299
0.002900671902116
0.00269333435958
0.002515541932106
0.002351172384275
0.002205092475893
0.002056508931433
0.04660818054614
0.005929471478163
0.0540106944032
0.02358869441508
0.02153664503234
0.01833329281289
0.9523936853152
0.9028123461013
 0.952579657454
0.07619896513629
0.9528883826431
0.9579071584884
0.006626210735039
0.01343358478045
0.007750300254721
0.009681503231406
0.9580127949572
0.9568843833011
0.9572412726101
0.003002362062212
0.003438293381558
0.005543870647931
0.005336453236541
0.005312649400439
0.003014022941694
0.003385317191298
0.003358569754487
0.005826952054112
0.0062183878707
0.02409381337713
0.01882408498745
0.01329840190745
0.02305838455763
0.0223266510321
0.01234034976672
0.01215790416592
0.02070753758998
0.9544782672705
0.01957871759453
0.01484530074072
0.01026870790418
0.01726123691311
0.9628059497371
0.9731487424793
0.9534280759936
0.9490953905475
0.9731119385651
0.9732233234843
0.9533686748058
 0.973416833999
0.9732619482462
0.9529279385428
0.9582180551271
0.9569854568504
0.9576147423948
0.9761035249519
0.9760739506149
0.9578366618233
0.006799155420066
0.003787694445185
0.003743780344832
0.9559888450572
0.01546185008654
0.01452050769001
0.01092429140792
0.007517632889938
0.0126126578831
0.008654600356331
0.008091624375656
0.006234447445284
0.004347118620733
0.007415463996793
0.01113064210556
0.01031661976597
0.007838077971949
0.005427176035538
0.009183337654816
0.9565364023182
0.9576917823364
0.9761730658395
 0.976129056366
0.9580604283615
0.9572591070634
0.9571803196171
0.9755212202182
0.9754848843492
0.9568035951159
0.9559133259063
0.9568645645405
0.9662133227812
0.9757978989505
0.004503074294197
0.003107777126509
0.01717683579891
0.005633407898825
0.004394540099796
0.003133337953775
0.005475132972237
0.003048382937153
0.003017319635203
0.006052275725077
0.004585676151443
0.003265034740853
0.006403363634502
0.003554813598232
0.003500269860408
0.02741867026424
0.02425905851106
0.01371632897809
0.01363942981614
0.01816834091279
0.01291890926519
0.01269984600062
0.01260281249077
0.01643706292516
0.01156531986934
0.9741007190394
0.9740899517313
0.9541025318163
0.9547888125792
0.9546627928334
0.01119826968478
0.01099034418888
0.01382032448963
0.00965793857625
0.9646792389159
0.9632522062606
0.9737554612425
0.9735411834913
 0.973987085927
0.1240512689925
0.9533413996543
0.9736878710093
0.9632226346533
0.9735728619502
0.9670678972763
0.9763018211281
0.9578265378787
0.9758316701326
0.9757841769078
0.9670392410439
0.9760776615765
0.00709634221077
0.005448853597315
0.003830696848094
0.005071399970281
 0.956050968666
0.9560141235388
0.9750918491538
0.9749452136504
0.9556810701489
0.01620858443773
0.01241769950369
0.008635987726476
0.008326265172931
0.008133542159516
0.01009564119909
0.007063548380012
0.0118864614069
0.006953498926304
0.004825703740227
0.006551091457624
0.005869432516601
0.004151233876605
0.008961197932281
0.00619955857283
0.008382634603683
0.005772753127293
0.0073177485206
0.005110289257129
 0.957325273596
0.9755464550651
0.9754475905724
0.9759053096642
0.9671587767514
0.9761991285113
0.9571890694824
0.9757258735231
 0.975821894263
0.9758017978382
0.9755828700035
0.9662012630781
0.9755203842641
0.9565185949585
0.9573708848271
0.9753395831865
0.9751000525401
0.9754248869187
 0.966619310047
0.003432788474696
0.003606503599658
0.01376606508214
0.0137880924366
0.0189502029294
0.9642702534373
0.9642829410274
0.9740728819144
0.9556263436752
0.9743876653508
0.9743168024216
0.9548588647885
0.9743698957876
0.9743373058777
0.01296527287214
0.9644502539424
0.2272441187294
0.9738066666364
0.3757923261142
0.9579442165926
0.9684344175675
0.9671733999869
0.9668299907044
0.004052711466434
0.003996749617734
0.9560767671277
0.9751316387577
0.9750395802819
0.9750470154186
0.9654063644052
0.9750783835873
0.009091997277983
0.009502800716627
0.006606357664555
 0.966976748168
0.9757316441841
0.9661392389385
0.9754755819222
0.06359340228631
0.9650699219475
0.9747764915167
0.9647104128546
 0.976194667168
0.9762153433581
 0.966844118776
0.9762274130074
 0.975320020451
0.8370186149717
 0.548758208218
0.004090744026142
0.7141485064377
0.06821315399879
 0.975968284959
0.9105036713888
0.05343158045222
0.9673636997808
0.0713347716669
  0.97629043531
0.003941024257192
0.9677487477504
0.9531534749169
0.003953494662862
0.9705509669094
0.03504482657161
0.003907645196024
0.02034506987444
0.003890056377653
0.01113269411552
0.003885820180178
0.005826930935501
0.003667419281634
0.9317783154249
0.03282746150727
 0.029250052282
0.9371497490538
0.02185164251616
0.01129614866821
0.0105290363421
0.01449561028758
0.01191597734931
0.9383001665273
0.007687893730139
0.008847040912408
0.9390754333635
0.9332616299354
0.01538133278229
0.9370560258373
 0.941083151455
0.06601152767419
0.05166194795513
0.03793801621106
0.01737304459487
0.02737263758577
0.9060102651204
0.01218796453424
0.0160421420444
0.05777874214564
0.8718628394711
0.8845537651754
0.0187743010144
0.01775230280471
0.04305088854832
0.8846772814241
 0.881123371948
0.01113748847221
0.04140315904379
0.8760670566929
0.8772251772161
0.8904463200041
0.8855842453305
0.8786584171932
0.03344676897509
0.8769884013836
0.8974217663175
0.9159484652264
0.9304654682381
0.01362026881044
0.008661788142884
0.9150068016597
0.06192343024455
0.04753265524966
0.01907138784728
0.02494025137429
0.8910878839269
0.8871632885989
0.04408869033472
 0.888448459743
0.8847631380595
0.03408766909503
0.9305895340464
0.009479692698614
0.01168795230014
0.8989058409251
0.02470425117799
0.03182070715958
0.8761062380599
0.8446580831918
0.8553558669604
0.0179602462219
0.06650399422796
0.01868897292697
0.8718008185665
0.06972800678526
0.8761938596019
0.01624249790575
0.8733092138172
0.07628162164355
0.01942591271493
0.8970679696663
0.8973751715438
0.8924088455871
0.8641210285746
0.0136351637601
0.8384079558771
0.7619551403958
0.02910482337132
0.1338383490484
0.7553886368711
0.7470850121629
0.7123982835768
0.02742398946447
0.7548002168039
0.02186875627178
0.08129855377745
0.04713076161922
0.7118586235624
0.1435644331882
0.7869796645384
  0.71678091289
0.7849146689019
0.1124335047903
0.06471361482797
0.06191065909854
0.7413619348338
0.08132073133805
0.09173737705813
0.04000210437302
0.7500506409527
0.1515583913065
0.04374401735362
0.7027787411117
0.1160900480206
0.5869248231556
0.7813991938872
0.5849294069702
0.8010133141617
0.03326244409466
0.1531975848222
0.03453603337762
0.6710133760521
0.6436337936559
0.6695586415231
 0.696380673771
0.6123869150886
0.04708745490365
0.7624051816254
0.02341004474807
0.06489119432942
0.03991951235928
0.5565371336439
 0.677743075395
0.6698105503326
0.6224688657041
0.03968418856288
0.04551648924931
0.03995717061237
0.5182308525545
0.05202645662156
0.6328021114932
0.6031359623474
0.05938479393995
0.03768623453702
0.6192921041699
0.5660652221234
0.6573005647864
0.05179084505835
0.6838460894581
0.6060874361711
0.5328585695598
0.04727167173905
0.7238679680144
0.4885509176409
0.2844497459754
0.2185799632871
0.1838196252442
0.8080599652586
0.1186593078507
0.1815865188593
0.7129992081459
0.5929633358166
0.05787964376185
0.5811270781981
0.05024009080543
0.0633277156192
0.05625205222385
0.06804785949696
0.6814580216263
0.7692596664128
0.5922316233611
0.6105385407201
0.5620725470299
0.6514336412821
0.05312381715111
0.03001485831055
0.7428275842416
0.5975027770181
0.5017620924326
0.5417029791506
 0.476811136434
0.5174143036406
0.7432521580465
0.5975864593062
0.6726362047885
 0.421843330247
0.2641767347342
0.2845359318261
0.1581430655919
 0.613309182764
  0.66319396238
0.6266798119644
0.05086227620081
0.09162886034706
0.06359191998365
0.6197332553476
0.5824546852284
0.4081680565215
0.6116532338477
0.4897384260703
0.5421832828776
0.4699759885859
0.5332847993366
0.5853773604789
0.4933672997605
0.5365260865804
0.04471997617851
0.0465294815175
0.05530793782004
0.04635336094184
0.0535168641501
0.04826686799863
0.0493528909643
 0.796473525763
0.8067096074086
0.7111280501371
0.6039414817318
0.5122488557798
 0.425525856177
 0.354125134123
0.4825828996017
0.2064183371013
0.2449481048763
 0.260074894671
0.2102083390299
0.1316137511235
0.1027868996446
0.1536417164376
0.0715995219179
0.07634258949972
0.06059968854124
0.4580180972524
0.4757264819828
0.4757751551806
0.5515625364804
 0.376072950798
0.06026773239365
0.05526238779308
0.06264643515923
0.03657920959237
0.6657173513177
0.5346307769662
0.5634004363014
0.4611921693483
0.3680509909971
0.4246337682326
0.3955337089086
0.4526073118132
0.4549348263996
0.3169859386554
0.3320907267667
0.2938271426761
0.3813613726576
0.1715821065609
0.1971021359964
0.1886288748644
0.1623360967773
0.1140197796314
0.2116526588905
0.2407448737455
0.2508122347958
0.1566053328205
 0.130128221096
0.06350636314223
0.07616312808097
0.06381523343959
0.07287447652267
0.08367598072622
0.1020641874712
0.09012941615013
    0.514455567
0.5211668755733
0.4986076678658
0.4188635847334
0.4180577300414
0.4253793584522
0.07119767340525
0.6413041433134
0.1861027730199
 0.248638036193
0.2264047810415
0.2303515500735
0.1325496939769
0.06766774237031
0.04721972321077
0.1006254700322
0.08751823886146
 0.553008518444
0.4973388132036
0.5495577031424
0.5149878162046
0.4544901896484
0.4293364563319
0.4495014611181
0.3791084306392
0.4846687639989
0.4229279918454
0.4446462288306
0.4525572036921
0.4526754990773
0.4214182351557
0.4568469518583
0.06803375674285
0.2031624712065
0.2134501475419
 0.278070640049
0.2594476431939
0.1077983046916
0.09304321868399
0.1068799959984
0.07356157070592
0.09285026748926
0.3436162979626
0.06592971714188
0.06236834247098
0.05989832216812
0.1668438882165
 0.204819892562
0.2321214418939
0.2533979068103
0.1028403903616
0.05465673446588
0.06026359440094
0.1546862085889
0.1484956519098
0.1416883335156
0.1592332596393
0.1586092683989
0.1397552837552
0.1812775198823
0.1872611359381
 0.231824415698
0.2100561693364
0.09935599788865
0.05569367004447
0.07105471025606
0.06638520683602
0.06602773674003
0.1276553391519
0.1096510776031
0.1479599368855
0.1609943167157
0.1926407474582
0.06640902353958
0.06263209713176
0.1152372488173
0.1088808063312
0.1233712343047
0.1033224765791
0.1258009121325
0.06287455086421
0.06558176395691
0.07019548001359
0.1073614903444
0.1117212813441
0.1182184331352
0.1158830991566
0.07259619729124
0.1355816398011
0.1108273167649
0.1144444261419
0.1263591026064
0.06916281939198
0.06791627554014
0.06781761420018
0.06392318414279
0.07757630632538
0.1081521355859
0.1213538944895
0.1257841854391
0.0851051829112
0.1153469864899
0.09956744623025
0.09094190177208
0.07427072772184
0.05281086981532
0.1448358263076
0.1308080333536
 0.121374396596
0.1367548723121
0.1358939422981
0.1481365172679
0.1347515521576
0.1424768286449
 0.133382906132
0.1244800761209
0.05980052052968
 0.167541132456
0.1238932072266
0.06099514559419
0.05559307333975
0.06018049771998
0.06497517143975
0.1550160357508
0.1570278526794
0.1641729232534
0.1969012882934
0.1796764938078
0.1491369389181
0.06748132646984
0.06543792142779
0.1479506567408
0.1444667458535
0.06553187429042
0.05912739601614
0.05598696042801
0.06312995115272
0.1411450546293
0.1496081394768
0.1537581348409
0.1583411691734
  0.14794165885
0.1345894188782
0.1415083046785
0.1363827325444
0.1388795421146
0.1432135153856
0.1444565153038
0.1381544201091
0.1244733607413
0.1373214928497
0.1302823979333
0.1302445148689
0.1337416856726
0.1345355995901
0.1310027235766
0.1338446175791
0.1727862462044
0.1413084709331
0.1301649766008
0.1190390574473
0.1285126530018
0.1248515818142
0.1236092955406
0.1208253986069
0.1619707194373
0.1654361452515
0.1253434654692
0.1168737077152
0.1559448822356
0.1730097022615
 0.120735827309
 0.121445142536
0.1180238122268
0.1101910337289
0.1667121826291
0.1679188975338
0.1548562152109
0.1632345899989
0.2093936772525
0.1153309087714
0.1160637989701
0.1112368782795
0.1123619455624
0.1121408729239
0.1562095652872
0.1532306278379
0.1892377296521
0.1731643643673
0.1108298227434
0.1621171312836
0.1490333478908
0.1484546884486
0.1434225915886
0.1457274772821
0.1472031671357
0.1421933686834
0.1385813613716
0.1796510451739
0.1712396830087
0.1141764194783
0.1098482585634
0.1166802868532
0.0991189961922
0.1208192096707
0.1169413669935
0.1044827009172
0.1211523724262
0.1136647009886
 0.106824895613
0.1119393553179
0.1076515639582
0.1045980174207
0.1048961352072
0.1065826717266
0.1071420344375
0.1694561055469
 0.161313629234
0.1598630091375
0.1531898899581
 0.164895620596
0.1465216221818
0.1713330451117
0.1921902052513
0.1809156764498
 0.182938425781
0.1657876429835
0.1579750763044
0.1496720900806
0.1572472256476
0.1595746708119
0.1537358775711
0.1653803031622
0.1844470054647
0.1776003316272
0.1870242844812
 0.199537132912
0.1489584938185
0.1432096438781
 0.167413028485
0.1588763083242
0.1857098820851
0.1762464859615
0.2342703593314
 0.198473923675
0.2005046242202
0.1913802057114
0.1969259362633
0.1845446799689
0.1426157053782
0.1306754314547
0.1454912833476
0.1373778254165
0.1604861615188
0.1777927419691
0.1703642268125
0.1904691019136
0.1641697322043
0.1678818153354
0.1852209339853
0.1970741070688
0.2191546522926
0.1749317630936
0.1848315327327
0.1761537949083
0.1920609141551
0.2025814096068
 0.188898675374
0.2282819390093
0.2135868926858
0.2097874851564
0.2263289547197
0.2112758536532
0.2236044436652
0.2061322680203
0.2564662224308
0.2052386789097
0.1825184141332
0.1949051272575
0.1916990319045
0.2389422946272
0.2057717919817
 0.236957620417
0.2260949183669
0.2197517873093
0.2193185196493
0.2452862864526
0.3132499475507
0.2723035728369
0.2539245227963
0.1621123761093
0.1687911343415
0.1667872206348
0.1752999806148
0.2107839291159
0.2051840005067
0.2180517515138
 0.256253366421
0.1864443050643
0.1836200864874
0.1827228536042
0.1838685656693
0.1814276171312
0.1756494318888
 0.197643560699
0.1892076106023
0.1941088090694
 0.214172694696
0.2041439037225
0.1635955280104
0.1786876254311
0.2184397716184
0.2044143124962
0.2138609946549
0.2167804795334
0.1966476303097
0.2064838808227
0.1989449598248
0.1977280901751
0.2390317545936
0.2853454259774
0.3279472191494
0.2719595073364
0.3121296619659
0.3846125773197
0.2983048055634
0.3018536499382
0.2890908261957
0.3490834893111
0.3477648817084
0.3479826824033
0.3965474289015
 0.320163979907
0.3606982183215
0.3271892510826
0.3293821658543
0.3878972133932
0.3586123897036
0.3517446398013
0.3889411652661
0.4730694845135
0.4377168206095
0.4255142956419
0.4324182391071
 0.442067552886
0.3986592949089
  0.54988242393
0.3451603136727
0.4999014576383
0.3794096619293
0.3995485311942
0.3627671035154
0.3425278842074
0.1851320700622
0.1992748319089
 0.174804238743
0.2391834750975
  0.22437815189
0.2369760684359
0.2827782102812
0.2581510401762
0.2452373396554
0.2470373656095
0.2255740139768
0.2138152474081
0.2759326462731
0.3310727125638
0.2955389565989
0.3250765351796
0.3844509923671
0.4516131772031
0.3294922642751
0.2904182236264
0.2691073334935
0.2722388557237
0.2729019205309
0.2693557423292
 0.247404680168
0.2933672270137
0.4887139613457
 0.417541977209
0.4646129037732
0.4848783821877
0.5929655465157
0.5425556538369
0.4838918305185
0.5822032978826
0.5262872776982
0.3591421135553
0.4044589823669
0.3865665385906
0.4366973876192
0.4096463875643
0.3344478178873
0.3058599426596
0.2075609356427
 0.205419769496
0.1997014987351
0.1914548832102
  0.19199992195
0.1986907416924
0.1972024067759
0.2117813662772
0.2105978930174
0.2261225799711
0.2393729451199
0.2267096384882
0.2358721646608
0.2278605633712
0.2273185548219
 0.230820433453
0.2460705327087
 0.259999247786
0.2474015863059
 0.258340542831
 0.443969122362
0.5147581746702
0.2710810842837
0.2387815045544
0.2327228297984
0.2214425174739
0.2218930462752
0.2333951783896
0.3004154250243
0.2823734628196
0.4664274335196
0.5323592500631
0.5467879549655
0.4481764402772
0.2901857959808
 0.322084646138
0.2935037539829
0.3141928603404
0.3249908313445
 0.273662168288
0.2953287753465
0.2965148689917
0.2809870296894
0.2727765588466
0.2677986836703
0.5737073287027
0.6510425892122
0.6906949819342
0.7807119316959
0.2591384152237
0.2357397902777
0.2513204968664
0.2451815697596
0.2600340751716
0.5250010411434
0.4790017057286
0.6198006636367
0.4400075899074
0.4200418282213
0.4762140872147
0.5654730303688
 0.589907011336
0.4930506039261
0.5392504541528
0.5268060845773
0.5803030862447
0.6093352265457
0.2876451041858
0.2978567694466
0.3416455434643
 0.275663392149
0.6136148239369
0.2588118737295
0.6617976155662
0.5113617753257
0.6498175263155
0.5728215613876
0.6389821740449
0.5359865324818
0.5403501055058
0.4716283042962
0.4273533575078
0.4742665090984
0.3219448995384
0.3414072653096
0.3706825093483
0.3561337196546
0.3805683181544
0.4393042872786
0.4732581175462
0.5091050455218
 0.534120982887
0.3031375661716
0.4705183996705
0.4781266539272
0.4329281858865
0.3472394166967
0.3761131020147
0.4043582790683
0.3925131589414
0.3819608403995
0.4169874590252
  0.45817496138
 0.292588498219
0.2745837039231
0.3212114577176
0.3262311900905
0.2623297123164
0.2513461889803
0.2596291897621
0.2527471822211
0.2667176379594
0.2817904913005
0.2895346162108
0.2822613737973
0.2666627097451
0.2614619392843
0.2729831804659
0.2595056764312
0.2296297960668
0.2447428362858
 0.313843230157
0.3011870378308
 0.287642199515
0.3184734281502
0.3473169341934
0.3090822926356
0.2341270181937
0.2399063831403
0.2966685659305
0.2359331556934
0.2470301703724
0.2505392333671
0.2369156166501
0.2079538209359
0.2321926895919
0.2173256871976
0.7626208671088
0.7222085640796
 0.664722756199
0.08260052200989
0.4256692982347
0.5262295921432
0.4905998497975
0.5011189114949
0.5696105142254
0.4460029317568
0.08120508432163
0.1846297387296
0.07025838496169
0.0747766177163
0.07252904090951
0.07470698170268
0.07806102771881
0.07508065856714
0.08035908197274
0.07358301201822
0.07864816929923
0.07655272180731
0.07728322231287
0.08441899643107
0.08122052814909
 0.082599609174
0.08341888436198
0.0834250784143
0.08122921139277
0.08671783584003
0.0847279217119
0.0767846705017
0.09093561937834
0.07816311931175
0.08776811213835
0.08936856139195
0.08642395714574
0.08666241345304
0.07122052131786
0.07835525370885
0.08650734215794
0.09022849645852
0.09499458046049
0.09284896567238
0.09824043116239
0.09577228067975
0.09876819034691
0.09385759793564
0.1015078916828
0.1014257343956
0.08149017151038
0.07427492091382
0.07896257061972
0.09025728151137
0.09040797497199
0.0993429398545
0.1029128095927
0.08673389434577
0.09732035018774
0.09483909076822
0.09693015749378
0.09464101751738
0.08549580175665
0.09051702306529
0.08418506994772
0.1023369937678
0.1068338232043
0.06050728052884
0.1290248945519
0.1314254358295
0.06342241649342
0.0601540993095
0.1380984540445
0.1181841733929
0.1019549195794
0.09404633379935
0.09927121904036
0.1291294268623
0.1376618298716
0.1728057303328
0.1607037456555
0.1715414680448
0.1677376674683
0.1514268126373
0.1859424521672
0.3848985796606
0.3979761393961
0.3662371119995
0.3400086171381
0.3001703876311
0.2986977701325
0.6484859464057
0.6449457619465
0.6009138171246
0.7330367572163
0.7035224463354
0.5544326016394
0.3115792564019
0.2112847280072
0.5104855262864
0.4936538318155
0.4519208274847
0.4232967972751
0.3899038374123
0.4312944624232
0.3846038707946
0.4094782025562
0.4225310781676
0.4083358905852
0.3855099186916
0.4384431138988
0.4391103343916
0.3071934066261
0.3613473928252
0.4689468537858
0.3429902860212
0.4042456176378
0.3548243574512
0.3656453187766
0.3554494483196
0.3254097111643
0.3776302638716
0.3395920488775
0.2982629180888
0.3257794545577
 0.381419354071
0.4303671001698
0.3244558923361
 0.317567750663
 0.315972471967
0.2962924147512
0.3559259997917
0.3812964736658
0.3820170967985
 0.407706593682
0.3433841207536
0.2726843365137
0.3081785424249
0.4111220194607
0.4422662916554
0.3090998468489
 0.326486133453
0.3422840878736
 0.294649209216
0.3395450532054
0.3570588963545
0.3591914008947
0.3114649776276
0.3108666218129
0.3262601091851
0.3084779071872
0.2813417228663
0.3573767669467
0.2832661586666
0.3222600636479
0.3015536237738
0.2898453376922
 0.297597675729
0.2827626963499
0.3531304594113
0.3431963720776
0.3660547288681
0.2478140963553
0.2563236747463
0.2572995506265
0.2352849087704
0.2224454099528
0.2350595451049
 0.209688167376
0.2422484152737
0.2219931205485
0.2137013714832
0.2254607168147
0.2179257270293
0.1930210888538
0.2248168949098
0.2166449267811
0.1940584494905
 0.203051407246
0.2020433051725
0.2076366100915
0.2170424813362
0.2209415070646
0.2061699633868
0.1940677993329
0.3690771006556
0.4897462071981
0.4552972361428
0.4557850279156
0.5378109941327
0.4921868323787
0.4932512549375
0.07240406395072
0.09440095367442
0.09791540728231
0.0995663690049
0.07310476657541
0.07089900849974
0.07797888747771
0.07453271192855
0.06880693696786
0.1088006435553
0.4075893503728
0.3115803690041
0.3271995094093
0.2378893267017
0.3092687771228
0.3333522096634
0.3359036372326
0.3148497593957
0.3679351254842
0.3643313118273
 0.393164626897
  0.39648209241
0.4003788411593
0.4325992302156
0.4446630848118
0.3689235741958
0.3944187448498
0.3228794374617
0.3297766122229
0.2885901714367
0.2520533298811
0.3896381327742
0.09605640056904
0.09344547048606
0.4615706504329
0.1508759721032
0.1857838326055
0.1926141405327
0.1913906552853
0.1733262115043
0.1238487258092
0.1265547108155
 0.127357755481
 0.130509398151
0.1271093004134
0.1196180472866
0.1228773099054
0.2582085346219
0.2470389715961
0.2515974912775
0.2720640896814
0.2651461600839
0.2559659288152
0.2805356654305
0.2944484943127
0.2734779699916
 0.299292380263
0.2606070535128
0.2639526722091
0.1563085345798
0.1515103036886
0.1714113556157
0.07136795252677
0.08734390463049
0.1119969002632
0.09160441624084
0.2598173736518
 0.173041857347
0.2389591373191
0.2078277822725
0.07289918512466
0.1175186023983
0.1289768196067
0.09936756068709
0.09027652661318
0.1734308839048
0.1843362136047
0.07658850580998
0.1483040070375
0.2129542606383
0.08089872313435
0.1481326515254
0.1343632387564
0.08841613422361
0.1265456686508
0.08048861401278
0.1561225357299
0.2844506129689
0.2968946212103
0.09262664426318
0.1470868834887
 0.117453844225
 0.257726372299
0.1944169941788
0.07158204355503
0.09590513612352
0.1776229296689
0.1772821595196
0.2090895204309
0.07585485073811
0.07999135780039
0.0845303709199
0.2558850965325
0.3117538131224
0.2425479400254
0.1495194857795
0.07265547648931
0.2037119957521
0.1276368478672
0.1502457187488
0.08432678163319
0.2907632600343
0.2928367707431
0.07420832365708
0.1496350130727
0.1863013952655
0.2061506053454
0.1198304770913
0.0840627843066
0.09855641354398
0.2433545652395
0.2020140040447
0.1886682878316
0.1345327459277
0.1337397276017
0.08580381339815
0.06677098814599
0.1038148643262
0.0871334712409
0.1047359107606
0.2196261327022
0.1612903526287
0.2083094352604
0.1521131397507
 0.152011934719
0.07409680317495
0.1022590173355
0.1890597360388
0.1319128447393
0.1699073112371
0.1557810909741
0.07874049675336
0.1071512623604
0.0936201066628
0.1159218122714
0.2036420099749
0.09586300105108
 0.174336785637
0.09232295308099
0.07385964173394
0.08263804687359
0.1227016949674
0.1013739191043
0.1259809035552
0.1396092515423
0.1112271834731
0.1105692391455
0.07882857050054
0.07596328444725
0.07266485237254
0.07337752357314
0.06525967986119
0.06746724962342
0.06897781671567
0.07148327025693
0.07502040331094
 0.152431026242
0.0671978199731
0.06847076770435
0.06692245374752
0.1701718800049
0.1735687991703
0.1461002224773
0.1045814821553
0.1344975575166
0.0563937166249
0.06951486137095
0.07043333613613
0.07132470228804
0.1179132784575
0.1054053399798
0.1519972790355
0.09910448327992
0.06127398506959
0.1181385058791
0.1310850562204
0.1328403763554
0.1275320827251
0.1128978980246
0.08899219021298
0.09804974729909
0.07798599733982
0.09272569892289
0.06876253356909
0.07287914137696
0.05962012960538
0.06364409240461
0.0556441191962
0.06043845121536
0.08384916032861
0.1155676840161
0.08295013098942
0.06423675439375
0.06309963193803
 0.102642287182
0.1131350857679
0.08383664757757
0.07139928826735
0.07202234621274
0.08036616424147
0.1016278946819
0.09385957662181
0.06812240426108
0.09240192297923
0.07878365729548
0.09335037438737
0.1127007676391
0.06421123425403
0.07945207100456
0.07801569762609
0.08653390408321
0.08802185980527
0.07362861150215
0.08480019782705
0.1687988051792
0.1392100165801
0.1057213298185
0.1183554538337
0.1214902238477
0.1328761706528
0.09454722805881
0.1075501927141
 0.103993508737
0.09782615653033
0.05969947988435
0.1130687949998
0.09629183715835
0.1261895248664
0.05417565494303
0.1173089577617
0.1126867821046
0.1029188829998
0.1069362483273
 0.058701419881
0.06151283992282
0.0630436552035
0.08607396963816
0.07049081683605
0.07486372372885
0.08072004791303
0.05439215159925
0.07024641358416
0.06316518691593
0.06003362345594
0.06804604194354
0.07424721473812
0.06641980088354
0.05485108969961
0.07833488750768
0.09003356693709
0.09310940188415
0.06466115583499
0.07969960468012
0.05620177550235
0.05937271493278
0.05002220610116
0.05768447561258
0.05264473376425
0.05298215786186
0.04277911401298
0.04886061538009
0.04692720752229
0.05185629726314
0.05346823861603
0.05550679547256
0.04799961573164
0.05163437297681
0.04478897830619
0.05009268859024
0.07295654374693
0.05852737611966
0.06625505700203
0.0563214672587
0.08000813224856
0.07853478340469
0.09035709756328
0.08196812430795
0.08859735636819
0.04973219398602
0.06384822976706
0.07425863563154
0.07157255394087
0.06318928012372
0.06715123586509
0.08879902976383
0.08361632107884
0.06482620340742
0.07095785306307
0.1007384825308
0.06778347552066
0.05787813172049
0.08690274589572
0.07364609566432
0.07259707959526
0.06095292248245
0.04321967991568
0.07259917740999
0.05413126946735
0.06180425263136
0.04987036928691
0.05443087290592
0.05685890678644
0.0643678863401
0.06676682760929
0.06789487889729
0.06093976043269
0.05940924398562
0.05808568294284
0.04828618244916
0.05344324995599
0.05207152658122
0.05633017787796
0.03604915854189
0.04589316908946
0.04302683844098
0.04568712153875
0.04888253639345
0.06077971529529
0.04946745162473
0.06486910857794
0.07131575570268
0.05571340903265
0.05419373006223
0.04522838061768
0.04085610070706
0.04351740566767
0.03960539734053
0.04377529431292
0.03912777295808
0.03830110176746
0.05314007542673
0.03843747861018
0.04785061781012
0.06016775519503
0.06802569629515
0.07263359490542
0.05515174515334
0.04234009388519
0.03949872755401
0.05158840059836
0.04228054480171
0.06316544305706
0.04135203236413
0.05802983237502
0.04300232552158
 0.046682423229
0.06137757210186
0.05653964579687
0.05107488666966
0.07951482192967
0.05904582243711
0.06045072270327
0.05146256861706
0.04478987280048
0.04634462217458
0.03825257484118
0.03208600109429
0.03542882805818
0.03833663984954
0.0293816286841
0.03339295038453
0.04387713977708
0.04589635210614
0.05068928178228
0.03987472946762
0.03898520589909
0.0344226397073
0.03385002236425
0.03687812226159
0.04061582020365
0.03843106472377
0.05544245208466
0.04583216892215
0.03915649841111
0.03683688575769
0.04397433942348
0.07340001367229
0.06777203264556
0.05046438933177
0.05559550290051
0.06509889983947
0.05523470036289
0.04271351555527
0.04051696499917
0.03276947292896
0.03625176446026
0.02642154699583
0.03462353445955
0.03016186876156
0.04355909073024
0.04417793641328
0.04718921206927
0.0409422862555
0.03805219197591
0.03267874472304
0.02966234654828
0.03359687033448
0.03628560996804
0.03126062825414
0.03246583497034
0.04130869064111
0.04273340864515
0.0427595038605
0.04460533219904
0.04830304453463
0.03761341694018
0.04539762223073
0.03723223762513
0.03167189100965
0.02650338910829
0.0351501870329
0.03440740792124
0.02482477419123
0.03986563121874
0.0284789598766
0.02535012965015
0.03745157100223
0.03154298664024
0.0327326500364
0.02845905369146
0.03092797970112
0.04769076863872
0.05265219427411
0.04998298528619
0.04178953741056
0.04059309494093
0.0429699770614
0.04823913028554
0.04976157355595
0.03681661958421
0.03833017596651
0.0556426838884
0.0615988289003
0.04514867637255
 0.051669382854
0.05001942681107
0.05392640542352
0.03049876402716
0.04343815175216
0.0477740520631
0.03512894786946
0.03874036014372
0.03467123516233
0.03859073901176
0.03231851355627
0.03406785699192
0.04119870484235
0.03394782177399
0.03700428437427
0.0258650237418
0.03674352285369
0.02857737498764
0.03960483038051
0.03304835429876
0.0352506823757
0.03586869399985
0.0326855817227
0.03019432368169
0.0274430108277
0.02135927768243
0.02940593916349
0.03173854883739
0.03096566080101
0.02701392831634
0.0228411726523
0.02718518754511
0.03011481310898
0.02689820318948
0.03276210338168
0.02810084666816
0.03302912761871
0.03601108112633
0.02669930478381
0.02480698864331
0.02289978642709
0.02350909424868
0.02950668449855
0.02004946982023
0.02556264827387
0.03466298852116
0.03316613090699
0.02945302104688
0.02744880894295
0.02988385585714
0.02471278224916
0.03700316319897
0.02291353175758
0.01774646751608
0.02619332953613
0.02828616066159
0.0272912665887
0.02781959009333
0.0290875287873
0.03077515826929
0.03324779947496
0.02119022481338
0.03172907339257
0.0271464872655
0.02464773923431
0.02476250960438
0.0223743119439
 0.020204425557
0.02513153619086
0.02155781227937
0.01915365872048
0.02790550301184
0.02599689103033
0.0204648222067
0.02331690316125
0.0250334061872
0.02461335886516
0.01868752946452
0.02189580457982
0.03241691204893
0.03470870448657
0.02933657578519
0.02896518432745
0.02680905846312
0.02354947577558
0.02630968601815
0.02407516598554
0.02183789351058
0.02971210151868
0.01963533297106
0.03091718290738
0.02285672570403
0.02175594520063
0.02633623882037
0.02550231317929
0.02699019332948
0.02853947180944
0.0264398544082
0.01461602149337
0.02065025719113
0.02293397045398
0.02082847386562
0.01893281888755
0.02435835839987
0.02287569949126
0.0195930099734
 0.021385964419
0.02481812747825
0.0215557680491
0.0238806193061
0.01643666102853
0.02158131459545
0.02289294878701
0.02157622049273
0.02644099465649
0.03048877129947
0.0334476450365
0.0290704612716
0.02089042837253
0.02373817489876
0.02126570309143
0.01574306726309
0.02327602266628
0.01554292304774
0.02274442326364
0.01813848424267
0.01818916316471
0.01771400497931
0.01992576689228
0.0184233401459
0.01985917096794
0.02632208417212
0.02036791839394
0.01789596567959
0.02308782527832
0.02298291939884
0.01801785622008
0.02235341396441
0.02003600119508
0.01968248707735
0.01656669546486
0.0155123885954
0.01780724230274
0.01824401126329
0.01956961186251
0.01717639621095
0.02031664251006
0.01812778088815
0.02934193582128
0.02415247843739
0.01783341676274
0.02022089406347
0.02191137475906
0.01388730447762
0.01594802367274
0.01796411406377
0.01933182915855
0.01602165948832
0.01714531273741
0.01874058985828
0.01423833991508
0.01929762491635
0.01847834014481
0.01560625174295
0.02048326871344
0.02206154277234
0.01826172374253
0.01712172138154
0.01512782415071
0.01661070081892
0.0208386096028
0.01608631091297
0.01330238098285
0.01894418228359
0.01574673328941
0.01567250679827
0.01989098909086
0.01881069277164
0.01399367624018
0.0175805521451
0.01434356037232
0.01297577375275
0.0137565641129
0.01503486970008
0.0198563102803
0.01489046185302
0.02220566735213
0.008537527774301
0.02321026204833
0.01547868636389
0.01755528866375
0.01616440062587
0.01680216715163
0.01605318653338
0.01451072267155
0.0117612023419
0.0128265644818
0.01398260761481
0.01189106496413
0.0112575508643
0.01242786439979
0.01561688122129
0.01384792570264
0.01560519113584
0.01662351744964
0.01801973877043
0.01423950612949
0.01484395177527
 0.012868043835
0.0126142130479
0.01295995437566
0.01120986686497
0.0172261720472
0.01320523435429
0.01089600786716
0.01303109118115
0.01414965280721
0.01197836799803
0.0142465957884
0.01599258186927
0.01187713430187
0.01361468245998
0.01490007573524
0.01469308940634
0.01197155494801
0.01469679895434
0.01444788614558
0.01565386585253
0.01131628950657
0.01293751696918
 0.012140261883
0.01382718945476
0.01679223654633
0.01840510008157
0.0149358466096
0.01151866960279
0.0149439105205
0.01606800732788
0.01546325432677
0.01240451931148
0.01318312566155
0.01516295744598
0.01282888645297
0.01617156870571
0.01794546469547
0.009778503943123
0.009296401128518
0.01312306752009
0.01434182140552
0.01303776736257
0.0107003028623
0.009797806661298
0.01052341182553
0.0105410194144
0.01116405822833
0.01176098670957
0.01002254888603
0.01298653724629
0.01030160530663
0.01102372321411
0.01178450060725
0.01047160198789
0.01240983143021
0.01327866100051
0.01390212389007
0.01294300822442
0.01509756760196
0.01210297985063
0.01147555185365
 0.014232389332
0.01223282273143
0.01176374692654
0.009189923722697
0.01043951342997
0.01402064977788
0.009929560146765
0.01086033686476
0.008732409763431
0.009707522140392
0.009125089138472
0.01371362526432
0.01095627476365
0.009928955523012
0.009981618507291
0.009083084049563
0.01191208914427
0.0117174668593
0.01111162077236
0.0087069195623
0.01245609895945
0.009830125806327
0.01257255316714
0.009037046038913
0.01025747019205
0.008866629877676
0.009198592533358
0.009308578036605
0.007915282637172
0.008635438868069
0.01108885010306
0.01187473800605
0.006810256541435
0.009730891100071
0.008885734393042
0.009049943788428
0.01016601269491
0.009938435005675
0.01115076139539
0.0100075459639
0.01088560188161
0.0106845613379
0.009481784232658
0.007952640270194
0.00830182299795
0.007306241836057
0.007757790584407
0.009642541112116
0.006792940553917
0.01045321038744
0.008104961729072
0.01153239107421
0.01007725230593
0.008558923667568
0.009664244119592
0.009085134686947
0.0076505165706
0.00882232259452
0.008120712603103
0.007708274499297
0.007735029275241
0.008832383231294
0.008902525616792
0.007887846920323
0.01052273127152
0.01017206797226
0.006718865210489
0.007373977784335
0.007341459665056
0.01002076663334
0.008825286835332
0.007233116032338
0.007881203634015
0.006293158722495
0.007282323140699
0.008724733775199
0.008240066577773
0.005695693445854
0.01115441693448
0.01017234486164
0.01082044792944
0.01192243760365
0.01131061329682
0.01070270902451
0.008312228735822
0.009228738429811
0.009371234677279
0.007664581138911
0.00911639756338
0.008333757015608
0.00828240628662
0.007317703136358
0.008251548689225
0.009890707945681
0.01008316832431
0.008543905942908
0.008559935747181
0.006926406492666
0.009220294740545
0.007164929119965
0.007810294409904
0.006518653934013
0.008045383499762
0.007305244378218
0.006474930009792
0.007684308038437
0.005514292606544
0.007959181675672
0.006238300266195
0.005327611131558
0.006835037729062
0.005973845234219
0.006847983920574
0.007572477762305
0.007288921474341
0.007004485676289
0.006162923488942
0.007796929668345
0.006965998227001
0.005336247410674
0.005997498914802
0.006043224270312
0.006559242865911
0.006427146174062
0.006775736336294
0.005250675641931
0.006054073200854
0.007005833439132
0.007642310027974
0.007020658989977
0.005887187522094
0.007071792925096
0.0054411141909
0.007105400704615
0.006467556902224
0.006041216754774
0.007687207147363
0.006643567252966
0.002548375008843
0.001988519428596
0.003263661303751
0.002452774100895
0.002043572068485
0.007027631253571
0.006651408425344
0.007135748607211
0.004894194848819
0.005635094037851
0.006486138453748
0.005835520552533
0.006144193417656
0.00542711645889
0.006103113505348
0.004827315219162
0.005617187350132
0.005942558584209
0.004372106961308
0.005969109981155
0.007734827991909
0.008355700878026
0.008472492974566
0.006862315329263
0.005899245692901
0.00482949903004
0.002767575009717
0.002413500712003
0.003073009398884
0.003648562562556
0.002327137329513
0.002652441518457
0.003834262947324
0.005795271267601
0.005686723936176
0.005684415498852
0.006141766073472
0.005695477920052
0.004895354262876
0.004508086727718
0.00619892679945
0.006792268835694
0.006816852856785
0.00457887677383
0.005292741658921
0.005556017438136
0.004771456173941
0.005268105770566
0.002134431117657
0.003915172668366
0.003217193150334
0.006288456469436
0.005535674017743
0.006046073530686
0.005684875971023
0.006248906149122
0.004637767246426
0.005610141999443
0.005242818309517
0.003961041470414
0.004550943072679
0.005121845427209
0.006067503837171
0.006384454563579
0.005782289620264
0.005332809621681
0.006190688726958
0.005254210744177
0.004095569990259
0.005022210453638
0.004425518084079
0.004617616490493
0.005307279337222
0.004393354726247
0.005319995777718
0.005102940120492
0.004304436294945
0.004374717545495
0.003545866507574
0.004573203748322
0.005219973852059
0.006258046254618
0.0051868568645
0.003465896887088
0.003957280444234
0.004740980697323
0.004610509933501
0.004004979460321
0.003471257089154
0.00427098055614
0.005615976922886
0.004686172051925
0.004805980385607
0.005286316476403
0.004913956182236
0.00502851791697
0.00375718134718
0.004019176974371
0.003848340275464
0.003716149021583
0.004178931268079
0.004393136387125
0.00386300546296
0.005111449048325
0.004034097352102
0.004067362814806
0.004758144281519
0.004720619616036
0.004678540225741
0.004082025719211
0.004672843005354
0.004924381761793
0.003298046099493
0.003852418784513
0.00398812227076
0.003273685927146
0.004245634287116
0.004577479400926
0.004144793222163
0.004438710913548
0.003579014035399
0.00418984186822
0.004444069073065
0.004662916073262
0.004891591724794
0.003452757285329
0.004301598367699
0.004251680699923
0.003537462751359
0.004245531193215
0.003837962342064
0.00339186978441
0.003462779059632
0.003669011648926
0.002673262428242
0.003579369512091
0.003034580450947
0.002778321819315
0.003357578771241
0.003610494218663
0.004206607718162
0.004649232841018
0.003676406505125
0.00295726378117
0.003309976515366
0.003170153256822
0.003335920480293
0.003827396102438
0.003611103178934
0.002754194203605
0.003114287437687
0.003827587739326
0.00362724225312
0.003951732875491
0.00254203482148
0.004132062029887
0.004516194779708
0.004105791643262
0.003912415782297
0.003513826034322
0.004379793450135
0.002684694750672
0.003075988570863
0.003510387620893
0.003858828392574
0.004232075809738
0.003593633298046
0.00278120626621
0.003161021945653
0.002957722306741
0.003827893895269
0.003198911165843
0.002959369248935
0.003239978050065
0.003470829630653
0.002840739000888
0.00255161765781
0.002900264371213
0.003445461257335
0.002904291175064
0.003190473154998
0.003061243423391
0.002712806534614
0.002017104764213
0.002830178972753
0.002440966633016
0.003030699736557
0.003181931792419
0.002718114049108
0.003063060556755
0.003038375614998
0.003224705041277
0.002427833683367
0.002240496850524
0.002833182905901
0.002511795461135
0.002052145392889
0.003014358613038
0.00308952691049
0.002738304862045
0.003321094212881
0.003280855499502
0.003567548030565
0.00337511323874
0.003229868697755
0.002665806100415
0.002899197005475
0.002854526460132
0.002936367840509
0.002461847704453
0.002779726360278
 0.002320298323
0.002655663410602
0.002549500032119
0.002307055321904
0.002402344346241
0.002731433485181
0.002631041615722
0.002607513408079
0.002042818208602
0.003028838174257
0.002120676812262
0.002434899141651
0.002492634880639
0.002244719836073
0.002599991685742
0.002031195738408
0.002366365079867
0.002222864365507
0.002670413065926
0.002194147197114
0.003006895868634
0.00263524009321
0.002477276484769
0.002304940054117
0.00231354052219
0.002513887995615
0.00292875104658
0.002416289952491
0.002487863311483
0.002024092079134
0.002501297633107
0.002507869599189
0.002231785065365
0.002033821482068
0.002932328154166
0.002257251410178
0.002423521699149
0.002172524044958
0.002045989076625
0.002267267499602
0.002217840349902
0.002258161137528
0.002469813798318
0.002248900213163
0.002211473095278
0.002173429771928
0.002016340963144
0.002387018359403
0.002192848144673
0.002180660411294
0.002268664226077
0.002236029614117
