              0
1.390216676762e-08
5.327425352029e-08
1.102568482878e-07
1.983926002445e-07
3.064774154187e-07
4.417366995775e-07
6.055585181723e-07
8.04247732334e-07
1.021812281814e-06
1.285835778416e-06
1.57643574443e-06
1.91405900734e-06
2.287338062877e-06
2.690598304332e-06
3.147411022777e-06
3.652891021241e-06
4.185358887158e-06
4.781504321134e-06
5.425741838705e-06
6.135354023281e-06
6.89836541036e-06
7.694857396649e-06
8.579444414575e-06
9.510967793359e-06
1.046885273241e-05
1.150798930054e-05
1.25926775226e-05
1.369028597437e-05
1.487555999349e-05
1.60805115645e-05
1.734899110406e-05
1.86374897454e-05
1.990375695242e-05
2.123370506195e-05
2.250926957384e-05
2.377527711623e-05
2.496401790103e-05
2.612308881905e-05
2.71585759267e-05
2.814036678034e-05
2.906302693629e-05
2.987063887855e-05
3.06110182479e-05
3.118910834697e-05
3.164686466346e-05
3.197114525466e-05
3.212556331767e-05
3.206441631218e-05
3.181519391914e-05
3.145018274823e-05
3.091691251795e-05
3.026632758456e-05
2.948404181174e-05
2.861719471028e-05
2.764290002675e-05
2.664954811465e-05
2.556998312176e-05
2.446693718643e-05
2.327509273009e-05
2.208430719821e-05
2.08483500051e-05
1.958530888981e-05
1.834179897502e-05
1.715693320362e-05
1.595333616886e-05
1.481172927376e-05
1.365462183592e-05
1.252869995137e-05
1.148575659741e-05
1.046609701973e-05
9.505205426045e-06
8.618078858772e-06
7.744215277878e-06
6.948595050945e-06
6.186079317342e-06
5.468402510639e-06
4.809589781284e-06
4.214877671112e-06
3.657243251055e-06
3.155799672626e-06
2.676035839858e-06
2.252247604997e-06
1.868565206775e-06
1.52808845508e-06
1.227248370324e-06
9.70327522623e-07
7.391142369784e-07
5.532777288835e-07
3.857966017672e-07
2.467546009526e-07
1.361601745262e-07
6.257620641141e-08
1.437059815429e-08
              0
              0
              0
              0
              0
              0
              0
              0
              0
              0
              0
              0
              0
              0
              0
              0
              0
              0
              0
              0
              0
              0
              0
              0
              0
              0
              0
              0
              0
              0
              0
              0
              0
              0
              0
              0
              0
              0
              0
              0
              0
              0
              0
              0
              0
              0
              0
              0
              0
              0
              0
              0
              0
              0
              0
              0
              0
              0
              0
              0
-8.718830171589e-11
-9.257093552274e-08
-3.499326102024e-07
-7.684677669444e-07
-1.320554571468e-06
-1.97190050116e-06
-2.757345878073e-06
-3.678063729522e-06
-4.738535093433e-06
-5.973406397244e-06
-7.397196552665e-06
-9.019572084552e-06
-1.089166021578e-05
-1.305335814896e-05
-1.56109298732e-05
-1.86447891487e-05
-2.229661172033e-05
-2.69266825029e-05
-3.305735193912e-05
-4.195521125693e-05
-5.816188392802e-05
-7.291055851195e-05
-7.487450269559e-05
-7.240555798063e-05
-9.159844291698e-05
-0.0001142458710946
-0.0001398859953559
-0.0001678426429029
-0.00019647530358
-0.0002233270324818
-0.0002460958516036
-0.0002637531615787
-0.0002757330618615
-0.0002825426668407
-0.0002840621214577
-0.0002839727827005
-0.0002793529673567
-0.0002699463421751
-0.0002560631653238
-0.000237539347677
-0.000214676252814
-0.0001880510874571
-0.000159894651467
-0.0001324249848885
-0.0001071808097935
-8.485731203571e-05
-6.620485345536e-05
-6.933312040909e-05
-6.800929709405e-05
-5.394803257488e-05
-3.839536250032e-05
-2.98630281362e-05
-2.416318370723e-05
-1.986875127268e-05
-1.649965042221e-05
-1.376211743637e-05
-1.147376861929e-05
-9.545914013773e-06
-7.904761592583e-06
-6.497160683879e-06
-5.280144514284e-06
-4.216783585428e-06
-3.299188373816e-06
-2.499634524997e-06
-1.806748032425e-06
-1.214366310347e-06
-7.198199652372e-07
-3.32548006791e-07
-8.922794379682e-08
-8.451370771669e-11
-0.000181207233792
-0.0001812054746428
-0.0001811667688368
-0.0001810974845988
-0.0001809902673956
-0.0001808426970981
-0.0001806504328673
-0.0001803878837475
-0.0001799217353221
-0.000180501073648
-0.0001810458482607
-0.00018164804002
-0.0001823265235663
-0.0001830929264409
-0.0001839489067939
-0.0001848753599488
-0.0001858602533055
-0.0001868664507899
-0.0001878532127531
-0.0001887402857542
-0.0001894333701371
-0.0001896988857319
-0.000189332965323
-0.0001877759036483
-0.0001841052794927
-0.000176567679469
-0.000155285610101
-0.0001740122275433
-0.000188125922894
-0.0002010939041025
-0.0002122335468732
-0.0002213712913437
-0.0002280024039748
-0.0002318001732083
-0.000232717895066
-0.000232683663984
-0.000230468069985
-0.0002254580256859
-0.0002178943093525
-0.0002080985451177
-0.0001965057128551
-0.0001832768475986
-0.0001690197104971
-0.0001497751863179
-0.0001721110591671
-0.0001806672747183
-0.0001849769260874
-0.0001870301792906
-0.0001878370594846
-0.0001878917964688
-0.0001875145928026
-0.0001868591509298
-0.0001860578171556
-0.0001852106150826
-0.0001843468547192
-0.0001835149049862
-0.0001827358900068
-0.000182017900919
-0.0001813725179603
-0.0001807991044919
-0.0001802719481687
-0.0001797066550146
-0.0001801686369037
-0.0001804406986693
-0.000180658625001
-0.0001808332071419
-0.0001809740422283
-0.0001810845825555
-0.0001811598168108
-0.0001812062653342
-6.625468299997e-09
-2.613221552269e-08
-9.004707008961e-08
-1.992914408937e-07
-5.130489230223e-07
-1.011485201776e-06
-1.654913935165e-06
-3.971317384408e-06
-7.027217887064e-06
-1.098361835324e-05
-1.584260660817e-05
-2.178607610035e-05
-2.858157252269e-05
-3.616100271052e-05
-4.481358009495e-05
-5.419557955011e-05
-6.477163888616e-05
-7.617571106871e-05
-8.841786338666e-05
-0.0001017076846408
-0.0001157398166831
-0.0001307444883941
-0.0001466853716411
-0.0001636643685628
-0.0001812068128198
-0.0001812835934375
-0.0001813263124238
-0.000181371429751
-0.0001814193714448
-0.0001814705147769
-0.0001815238777735
-0.0001815794766329
-0.0001816385048433
-0.0001816999825497
-0.0001817647620722
-0.0001818320959749
-0.0001819022158083
-0.0001819748790783
-0.0001820508617997
-0.0001821303824281
-0.0001822122900869
-0.0001822965964299
-0.0001823845894904
-0.0001824749818594
-0.0001825690921372
-0.000182665549645
-0.0001827658281506
-0.000182868622088
-0.0001829745105499
-0.0001830836558439
-0.0001831955237879
-0.0001833116521521
-0.0001834305793308
-0.0001835528603049
-0.0001836784955417
-0.0001838069383597
-0.0001839398232813
-0.0001840759234723
-0.0001842160183226
-0.00018435915628
-0.0001845058848992
-0.0001846560689768
-0.0001848104184736
-0.0001849684484689
-0.0001851311952291
-0.0001852972262831
-0.0001854671450566
-0.0001856410997837
-0.0001858185160698
-0.000186001150817
-0.0001861881183692
-0.0001863798841294
-0.0001865752709958
-0.000186775908829
-0.0001869815622145
-0.0001871911850504
-0.0001874057071003
-0.0001876255035366
-0.0001878508325159
-0.0001880818982978
-0.0001883177205002
-0.0001885601163636
-0.0001888077240483
-0.0001890616572743
-0.0001893219586104
-0.0001895885064844
-0.0001898619227296
-0.0001901422342187
-0.0001904290511321
-0.0001907234078351
-0.0001910262298956
-0.0001913364493164
-0.0001916550092847
-0.0001919819504794
-0.0001923176115442
-0.0001926613265204
-0.0001930154759625
-0.000193380334214
-0.0001937551724948
-0.0001941381221646
-0.0001945324961567
-0.0001949391778968
-0.0001953582255657
-0.0001957900446091
-0.0001962346700984
-0.0001966928498297
-0.0001971647256975
-0.0001976507091996
-0.0001981531515143
-0.0001986709245225
-0.0001992049591722
-0.0001997560848097
-0.0002003215995622
-0.0002009076133255
-0.0002015159319526
-0.0002021429539405
-0.0002027901544161
-0.0002034589968756
-0.0002041495943395
-0.0002048684249952
-0.0002056140496585
-0.0002063788073125
-0.0002071726336226
-0.000207999035614
-0.0002088567580573
-0.0002097458778999
-0.0002106574129793
-0.0002116035226351
-0.0002125862482289
-0.0002136049016181
-0.0002146631786672
-0.000215770770765
-0.0002169059662111
-0.0002180915915234
-0.0002193214420114
-0.0002205953641213
-0.0002219222575759
-0.0002233022432507
-0.0002247271109288
-0.0002262010228144
-0.0002277313519291
-0.0002293311606063
-0.0002309752130709
-0.0002327018135972
-0.0002345931201774
-0.0002365585657657
-0.0002385941907183
-0.000240705088421
-0.0002428808199923
-0.0002451417304057
-0.0002475172962502
-0.0002499924432676
-0.0002525462468818
-0.0002551906646896
-0.0002579339998381
-0.0002607837596351
-0.0002637428224603
-0.0002668114157952
-0.0002700053752427
-0.0002733144890579
-0.000276753184996
-0.0002803172689176
-0.0002840193266333
-0.0002876677316293
-0.0002914839608171
-0.0002954299930203
-0.0002995288473638
-0.0003037676817477
-0.0003081518743174
-0.0003126897085169
-0.000317417825427
-0.0003223058029839
-0.000327380447417
-0.0003326636437271
-0.0003382312846719
-0.0003439545536417
-0.000349968908453
-0.0003562186136249
-0.0003626787481603
-0.0003692990565169
-0.0003761390647993
-0.0003832021462042
-0.000390237680612
-0.0003841237693153
-0.0003648122737839
-0.0003322022904294
-0.0002933316819565
-0.0002513377348931
-0.000208552010271
-0.0001649817788238
-0.0001211056045722
-7.698254785186e-05
-3.262508121079e-05
1.181494282454e-05
5.650061160658e-05
0.0001012376573491
0.000145997165941
0.0001905637066333
0.0002340838843113
0.0002743702986905
0.0003074894881875
0.0003301406750239
0.0003378751942496
0.0003307262202364
0.0003238725682214
0.0003171854411936
0.000310680346031
0.00030439939766
0.0002984163356581
0.0002926040008206
0.0002869950265102
0.0002815792774611
0.0002763305968743
0.00027125201704
0.0002662946955158
0.0002615186870477
0.0002568611381226
0.0002523358555998
0.0002479431247256
0.0002436527603164
0.0002395076045905
0.0002354616265789
0.0002315254689893
0.0002276985895139
0.0002239566598071
0.0002203416255512
0.0002168161769685
0.0002133632636106
0.0002100192321265
0.0002067672711705
0.0002035838637602
0.0002004925757912
0.0001974938136414
0.0001945527270608
0.0001916936760805
0.000188915006371
0.0001861984969395
0.0001835402289718
0.0001809532941666
0.0001784447090465
0.000175983549054
0.0001735740787359
0.0001712296418303
0.0001689397766231
0.0001667153583501
0.0001645564842763
0.0001624498290726
0.000160391756064
0.0001583710802436
0.0001564023003867
0.0001544678386204
0.0001525790428202
0.0001507380919465
0.0001489221545057
0.0001471484171415
0.0001454146013233
0.0001437214473483
0.000142070729511
0.0001404432269917
0.0001388572302295
0.0001373095499502
0.0001357973492462
0.0001343188179634
0.0001328682425017
0.0001314470879562
0.0001300465667549
0.0001286802540311
0.0001273397213466
0.0001260251359992
0.0001247385871371
0.0001234827751059
0.0001222563180584
0.00012105724644
0.0001198826219418
0.0001187375244652
0.0001176221536806
0.0001165303502556
0.000115460072436
0.0001144111707697
0.0001133868732423
0.0001123845367324
0.0001114036476624
0.0001104411036052
0.0001094962774776
0.0001085692496067
0.0001076536628992
0.0001067541498616
0.0001058707312874
0.0001049953339791
0.0001041345070409
0.0001032868293707
0.0001024487983313
0.0001016261258324
0.0001008131905432
0.0001000127254358
9.922589499357e-05
9.844868178385e-05
9.768376655206e-05
9.693158094878e-05
9.618993322501e-05
9.545990380206e-05
9.473760042776e-05
9.402581516537e-05
9.332516486641e-05
9.262906048772e-05
9.194233498229e-05
9.1261868699e-05
9.058957161718e-05
8.992596050727e-05
8.926749101112e-05
8.861616242249e-05
8.797392807987e-05
8.734064931712e-05
8.671415311081e-05
8.60945208845e-05
8.548451944061e-05
8.488502762306e-05
8.429675665648e-05
8.371713988627e-05
8.314756974405e-05
8.258689417694e-05
8.203575216416e-05
8.149373209785e-05
8.095968772908e-05
8.043405160406e-05
7.991437417861e-05
7.940170442045e-05
7.889566994059e-05
7.839770975487e-05
7.790630553382e-05
7.742212709493e-05
7.694501391994e-05
7.647338334583e-05
7.600905233535e-05
7.55502332411e-05
7.509587781885e-05
7.464748585634e-05
7.42029618776e-05
7.37642845815e-05
7.33319054535e-05
7.290602800729e-05
7.248694983273e-05
7.207133099831e-05
7.166218278725e-05
7.125921817295e-05
7.08611681322e-05
7.046847665056e-05
7.007946573418e-05
6.969499831976e-05
6.931529661939e-05
6.894062802649e-05
6.857102804205e-05
6.820499006251e-05
6.784356149007e-05
6.748641181106e-05
6.713387678951e-05
6.67854706783e-05
6.644149648498e-05
6.610195883768e-05
6.57650523093e-05
6.543194475802e-05
6.510158576473e-05
6.477575408611e-05
6.445445434483e-05
6.413625926667e-05
6.382302767713e-05
6.351327357212e-05
6.320765719322e-05
6.290613806697e-05
6.260721558768e-05
6.231180374097e-05
6.201971640455e-05
6.172999339981e-05
6.144335402533e-05
6.115997856509e-05
6.087850802044e-05
6.05994561868e-05
6.03229987452e-05
6.005012437872e-05
5.977957961189e-05
5.951112884558e-05
5.924614734447e-05
5.898329020335e-05
5.872377477512e-05
5.8467604289e-05
5.821350770176e-05
5.796221687084e-05
5.771364992577e-05
5.7468004703e-05
5.722550485787e-05
5.698526691868e-05
5.674789174683e-05
5.651335152206e-05
5.628090937794e-05
5.605132524759e-05
5.582447784298e-05
5.560019236368e-05
5.537766285214e-05
5.515675663324e-05
5.493778018864e-05
5.472121243316e-05
5.450635793307e-05
5.429365606914e-05
5.408258560848e-05
5.387307006758e-05
5.366578176087e-05
5.345986164914e-05
5.325581329496e-05
5.305351431595e-05
5.285242693107e-05
5.265296978888e-05
5.245461768117e-05
5.22582053244e-05
5.206373449411e-05
5.187056224501e-05
5.16797385488e-05
5.149010574464e-05
5.130253715488e-05
5.111703462294e-05
5.093289928224e-05
5.075071618608e-05
5.057013335533e-05
5.039142150973e-05
5.021397711401e-05
5.003829190648e-05
4.98644726694e-05
4.969197915921e-05
4.952099209229e-05
4.935121524054e-05
4.918311541932e-05
4.901642062059e-05
4.88513221341e-05
4.868717254895e-05
4.852391102039e-05
4.836214229474e-05
4.820134357692e-05
4.804188791331e-05
4.788333702116e-05
4.772564019077e-05
4.756939858236e-05
4.741396861941e-05
4.725973417391e-05
4.710669628896e-05
4.695436682149e-05
4.680329111501e-05
4.665324938482e-05
4.650422527968e-05
4.635653861842e-05
4.621002243608e-05
4.606479936122e-05
4.592059393259e-05
4.577771004533e-05
4.563622920451e-05
4.549576411059e-05
4.53563639686e-05
4.521789191701e-05
4.508084205407e-05
4.494470796315e-05
4.480956194257e-05
4.467545006899e-05
4.454211427485e-05
4.440990241947e-05
4.427900938423e-05
4.414912240197e-05
4.401986340542e-05
4.389153966361e-05
4.376415195841e-05
4.363751410076e-05
4.35116844798e-05
4.338674568695e-05
4.326263805121e-05
4.313923284244e-05
4.301676166719e-05
4.289515262158e-05
4.277451890698e-05
4.265488686571e-05
4.25360346949e-05
4.241793869241e-05
4.230080701739e-05
4.218461805117e-05
4.206931960625e-05
4.195468817453e-05
4.184065793021e-05
4.172749288957e-05
4.161485284614e-05
4.150290662034e-05
4.139171759485e-05
4.128097924193e-05
4.117109953633e-05
4.106172101192e-05
4.09528108196e-05
4.084468924606e-05
4.073720384558e-05
4.063041449451e-05
4.05240704482e-05
4.041839923911e-05
4.031332333804e-05
4.020899458802e-05
4.010541356407e-05
4.000235815515e-05
3.990003325713e-05
3.979822027269e-05
3.969710732941e-05
3.959669496224e-05
3.949690062058e-05
3.939784787186e-05
3.929920654797e-05
3.920118994776e-05
3.910388481617e-05
3.900722206783e-05
3.891099275663e-05
3.881524895609e-05
3.872002919795e-05
3.862523538173e-05
3.853086859242e-05
3.843679245086e-05
3.834313733326e-05
3.824997748913e-05
3.815731992986e-05
3.806531747395e-05
3.797373654436e-05
3.788275076011e-05
3.77924237217e-05
3.770239377994e-05
3.761298089009e-05
3.752418550156e-05
3.743568777168e-05
3.73477676719e-05
3.726033472176e-05
3.717320241815e-05
3.708659941068e-05
3.700045023003e-05
3.691489227825e-05
3.682992597856e-05
3.674518377406e-05
3.666095262592e-05
3.657713776642e-05
3.64938504499e-05
3.641109105411e-05
3.632869214086e-05
3.62468469515e-05
3.6165558873e-05
3.608466567141e-05
3.600414198435e-05
3.592416052647e-05
3.584460167078e-05
3.576559960285e-05
3.568700692463e-05
3.560883622194e-05
3.553130530611e-05
3.545430308669e-05
3.537782689526e-05
3.53019045339e-05
3.522649249396e-05
3.515158302818e-05
3.507722778896e-05
3.500335808453e-05
3.493004492407e-05
3.485708086697e-05
3.478457529002e-05
3.471253296764e-05
3.464090871696e-05
3.456979416323e-05
3.449929217533e-05
3.442927659522e-05
3.435966401111e-05
3.429044521612e-05
3.422165940098e-05
3.415341727363e-05
3.408560870036e-05
3.401812423562e-05
3.3951112304e-05
3.388453993811e-05
3.381841783546e-05
3.375277966313e-05
3.368737928465e-05
3.362246732673e-05
3.355804410871e-05
3.349380143435e-05
3.342999773644e-05
3.336658685688e-05
3.330365517823e-05
3.324117620241e-05
3.317916403462e-05
3.311755040804e-05
3.30563726136e-05
3.299568214953e-05
3.293539141601e-05
3.287551397758e-05
3.281604750065e-05
3.27569973583e-05
3.269845290687e-05
3.26403884338e-05
3.258263886586e-05
3.252532031551e-05
3.246850172158e-05
3.241206831897e-05
3.235599412148e-05
3.230047519836e-05
3.224524130236e-05
3.219051919642e-05
3.213629230988e-05
-6.172618945617e-05
-0.000102191285022
-0.0001471903606485
-6.641113092012e-05
-0.0001077518776201
-0.0001525962370731
-0.0003903598207098
-0.0003892364888309
-0.0003802249790624
-0.0003723370220488
-0.0003672422893662
-0.0003586195022565
-0.0003481399701159
-0.0003314524084815
-0.0003077046422249
-0.0002799291751471
-0.0002420544510694
-0.0001947122976765
-0.000148877590757
-0.0001157918962221
-6.810276746428e-05
-1.058087100649e-05
3.921441381446e-05
7.611567228558e-05
0.0001214009379409
0.0001652566097519
0.0001999523447798
0.0002272059987555
0.0002474048554956
0.000259342405861
0.0002712570704925
0.0002839652090426
0.0003004808327987
0.0003130307486615
0.0003299319112288
0.0003379056694115
0.0003384503228968
0.0003411634068794
0.0003341628297488
0.0003259528600969
0.0003181110657201
0.0003037283648645
0.0002848536120286
0.0002687177447419
0.0002530237931149
0.0002262291051013
0.0001866351103496
0.0001394936657718
9.279641330187e-05
5.618042294839e-05
3.174018485213e-06
-5.266406783395e-05
-0.0001040113644762
-0.0001391090737407
-0.0001838107116266
-0.0002267903091599
-0.000263761992978
-0.0002916668480494
-0.0003127705831347
-0.0003241250306899
-0.000335473313585
-0.000346091239657
-0.0003564719915039
-0.0003731868036553
-0.0003872767435807
-0.000390273209231
-0.0001812840766742
-0.0001812871912617
-0.0001812872177311
-0.0001812845327661
-0.0001812773175074
-0.0001812685597011
-0.0001812570003678
-0.000181242457056
-0.000181225040808
-0.0001812053899504
-0.0001812953709025
-0.0001813945356377
-0.0001815057531528
-0.0001816251226542
-0.0001817573811916
-0.0001817763799852
-0.0001817927651456
-0.0001818029134854
-0.0001818179893673
-0.0001818264608919
-0.000181834037819
-0.0001818357100621
-0.0001818358709369
-0.000181832691057
-0.0001818314362245
-0.0001818208491112
-0.0001818069435355
-0.000181791642022
-0.0001817706138684
-0.0001817491473178
-0.0001817238081138
-0.000181699379059
-0.0001816705413262
-0.0001816381651335
-0.0001815093245489
-0.0001813913487244
-0.0001812830731068
-0.00018118503191
-0.0001810957681661
-0.0001811269955645
-0.0001811562714134
-0.0001811822434292
-0.0001812050611955
-0.0001812253445823
-0.0001812446055849
-0.0001812599650149
-0.0001812729586246
-0.0001812830254365
-0.0002157815499801
-0.0002157466882567
-0.0002155414453242
-0.0002151828386478
-0.0002146494745625
-0.0002168814141559
-0.000219294467328
-0.0002218667985732
-0.0002246063746892
-0.0002275454872365
-0.0002284660873445
-0.0002289933930059
-0.0002293077883935
-0.00022934685967
-0.0002293142709593
-0.0002288747869855
-0.0002281739940709
-0.0002272609964905
-0.0002259710063603
-0.000223149992733
-0.0002205275396157
-0.0002180312956857
-0.0002157304500123
-0.0002135708717696
-0.0002143581523076
-0.0002149718878412
-0.0002154534449043
-0.0002157594673317
-0.0002915212996611
-0.0002915749597633
-0.0002909404530357
-0.0002898757308981
-0.0002881165460844
-0.0002959961551609
-0.000304348258632
-0.0003132885453546
-0.0003227364636096
-0.000332735783757
-0.0003351590224119
-0.0003368497893869
-0.0003380935818141
-0.0003382972764533
-0.0003381626926835
-0.0003362934664686
-0.0003333648807318
-0.0003296608572711
-0.000325283104161
-0.0003159948660905
-0.0003072012259772
-0.0002987955512509
-0.0002909759919512
-0.0002835528768748
-0.0002863623515776
-0.0002885497632147
-0.0002903471784259
-0.0002914420384161
-6.957148693838e-05
-6.485239497607e-05
-6.694142238901e-05
-6.219765420198e-05
-6.411288226898e-05
-5.948448983594e-05
              0
              0
              0
              0
              0
              0
              0
              0
              0
              0
              0
              0
              0
-1.005808160557e-08
-1.373700754447e-08
-6.588351348408e-05
-6.048432042002e-05
-6.122469076933e-05
              0
              0
-0.0001812438041305
-0.0001723491353046
-0.0001813046480098
-0.0001817981151558
-0.0001818668431178
-0.0001711551233442
-0.0001521464626783
              0
              0
-0.0002152124863133
-0.0002163337916128
-0.0002285248760711
-0.000231827107461
-0.0002301468451871
-0.0002336387904329
-0.000285821326301
-0.0002821518243342
-0.0002934416830093
-0.0002895588805095
-0.0003354223563798
-0.0003867885980462
-0.0003410672526557
-0.0001665367079138
-0.0001469563108432
-5.628985448149e-05
-0.0003895991849292
3.212426750133e-05
3.20760617492e-05
-3.357747527542e-08
-1.180043673883e-07
              0
              0
-0.0001812250257969
-0.0001812633841273
-0.0001656705525829
              0
              0
-0.0001606513145574
3.213177434071e-05
3.210882117936e-05
-1.243578224952e-07
              0
              0
-0.0001617464172884
              0
              0
-0.0001567895670926
3.213065469296e-05
3.211937451348e-05
              0
              0
-0.0001588526510358
              0
              0
-0.0001537257002483
3.212863898795e-05
3.212323793063e-05
              0
              0
              0
              0
3.212726285944e-05
3.21246158567e-05
              0
              0
              0
              0
3.212644839895e-05
3.212513876807e-05
0.0003372212915559
0.0003338956461711
0.0003345783416053
-6.871763031957e-08
-8.38512639476e-10
-2.652140333594e-08
-5.585639768251e-09
-2.564533935346e-08
3.215826419914e-05
3.215634517299e-05
-5.983085647592e-07
-7.122316312722e-07
-7.186383450501e-05
-6.064725399141e-05
-8.881236466759e-05
-6.702614913943e-05
-5.75021686709e-05
-8.355071708218e-05
-3.401672613772e-07
-6.365792039871e-05
-6.035621331106e-05
-5.362982118852e-05
-5.791913269616e-05
-0.0001811853335708
-0.0001812090434308
-0.0001812861676372
-0.0001813103602942
-0.0001817841402707
-0.0001817773469392
-0.0001818776336824
-0.0001818858376642
-0.0001664905527098
-0.0001276540588714
-0.0002148132686512
-0.000214958386139
-0.0002166431042884
-0.0002164904287277
-0.0002279474199274
-0.0002281618699944
-0.0002325687000207
-0.0002318690039982
-0.0002303647126183
-0.000230589859276
-0.0002323685693364
-0.0002327263088978
-0.0002745739241205
-0.0002751856888111
-0.0002895432388644
-0.0002881330977458
-0.0002939472952765
-0.0002916205943902
-0.0003341813422025
-0.0003332791355321
-0.0003845999595878
-0.0003853384901559
-0.000341730815523
-0.0003426519557183
-0.0001614206376348
-0.0001219909999477
-0.0003904399033013
-0.000389553466908
-0.0001695760543715
-0.000168002624135
-0.0001387460801562
-0.0001331044696124
0.0003325504899646
0.0003422568611687
-0.0001571700174871
-0.0001811973980581
-0.0001812096420795
-0.0001617882850471
-0.0002337192669411
-0.0002341633066401
-0.0002832854930329
-0.0002841432606
-0.0001566307884422
-0.0001812552371967
-0.0001812490777035
0.0003361272312214
0.0003254150075215
-0.0001622648758337
-0.0001505634984046
-0.0001450546717257
-0.0001537258624229
-0.0001452293843213
-0.000139461391929
0.0003373144578782
0.0003394335178137
-0.0001565870464861
0.0003303197181775
0.0003364852580316
-8.522696164549e-09
-8.249491769115e-09
-6.213550503334e-05
-6.609590846974e-05
-5.447732932516e-05
-2.532577150183e-09
-2.453607270709e-09
-5.605367540297e-09
-8.125448985888e-10
-4.451553713265e-09
-4.88377205551e-08
-4.875861480104e-08
-4.314345016314e-09
3.221978495508e-05
3.221462526108e-05
-0.0002313025369197
0.000325913756225
-0.0002317700421407
-0.000294570196341
-0.0001813171936412
-0.0001837487454495
-5.890833827984e-05
-5.878646231315e-05
-0.0001815389084081
-0.0001815551489289
-0.000182239934766
-0.0001822582063424
-0.0001832369045545
-0.000190296712076
-0.0001850260361766
-0.0001857387314763
-0.0001876990948633
-0.0001911174815352
-0.000195158227383
-0.0001963601132876
-0.0002012245438523
-0.0002022943718767
-0.0002073836860122
-0.0002075887776118
-0.0002222070721484
-0.0002225728593283
-0.000243350919474
-0.0002463579502158
-0.0002585002571756
-0.0002652243011461
-0.0003089271088585
-0.0003150993011402
0.0002206804085777
-0.0002720618904229
-0.0002319809493636
3.674311336723e-05
0.0001207941732739
0.0002647068522848
0.0002978656906619
0.0002966473081346
0.0002463340442899
0.0001019231955976
0.0001991825981594
0.0001762894828962
0.000159491835077
0.0001423272840874
0.000128218456639
0.0001028616410413
8.177538089648e-05
8.166494009076e-05
5.611951180022e-05
6.699195278871e-05
6.687893078407e-05
5.761102796819e-05
5.12241572918e-05
5.026792703234e-05
4.674138652589e-05
4.596731499878e-05
4.308408236344e-05
4.269880682652e-05
4.036800738143e-05
4.014758741309e-05
3.820344604239e-05
3.810531418523e-05
3.645379610095e-05
3.644550854936e-05
3.511005386847e-05
3.503880538246e-05
3.411232914732e-05
3.405431405826e-05
3.339020562988e-05
3.32752238757e-05
-8.646154459302e-06
-1.305944063849e-05
3.278852720872e-05
3.254708427069e-05
3.24429952802e-05
-7.879769498868e-05
-7.377730005813e-05
-9.542372599729e-07
-3.803446552843e-06
-0.0001813879769483
-0.0001816720553636
-0.0001816613447352
-0.0001820047073134
-0.0001820160653787
-0.0002118288098191
-0.0002131266484477
-0.000218747373527
-0.0002185397325387
-0.000225257086283
-0.0002255107865695
-0.0002838952847289
-0.0002706354513943
-0.0003009774406009
-0.0003250912594224
-0.0003239844222302
-0.0003640455849002
-0.0003729133790867
-0.0003521441849415
-0.00035333602366
-0.0003515256354597
-0.0003521174846088
-0.0001227532193652
-0.0001381923804345
-0.0001581948679174
-0.0001688620255996
-0.0001495404133123
0.0003155948345857
3.232282770245e-05
-0.0002372372811421
0.0002478644156478
-0.0002376132942942
-0.0003018560242376
-0.0001813987262002
-0.0001840140522284
-0.0001836199131525
-0.0001831435358474
-4.931548593946e-05
-6.983141009444e-05
-9.430398547605e-05
-7.00186389247e-05
-4.886593739703e-05
-0.0001814910551851
-0.0001814997725654
-0.0001821645689918
-0.0001823339770474
-0.0001827003363908
-0.0001824335908539
-0.0001821743281509
-0.000183017848348
-0.0001833628462231
-0.0001838551637158
-0.0001924997407081
-0.0001911932379052
-0.000190586615939
-0.0001900129482551
-0.0001889470619368
-0.0001845607967785
-0.0001848784459877
-0.0001852025099877
-0.0001858831576448
-0.0001855607721103
-0.0001848976682012
-0.0001870952590522
-0.0001862924163847
-0.0001859164779894
-0.000186846717969
-0.0001874990297764
-0.0001879476968018
-0.0001888892635036
-0.0001899463912558
-0.0001908470512373
-0.0001914665252447
-0.0001927711037535
-0.0001979149314346
-0.0001964797887219
-0.0001955882797173
-0.0001947523378755
-0.0001946510975708
-0.0001955076294513
-0.0001968791562673
-0.0001988091382062
-0.0002038071228265
-0.0002018544338051
-0.0002006277402605
-0.0002017573259899
-0.0002030495242706
-0.0002083250838281
-0.000205040299696
-0.0002066832740928
-0.0002102017431288
-0.0002084484119892
-0.0002067919206937
-0.0002210898552718
-0.0002212856117704
-0.0002415202392938
-0.0002459950601741
-0.0002538479564945
-0.0002488202098696
-0.0002440556485079
-0.0002618769656295
-0.0002533567006437
-0.0002685235616903
-0.0002623558407899
-0.0003143658412613
-0.0003105865946723
0.0002141538015843
0.0002251020739645
0.0002398519500053
-0.0002295353608264
-0.000144368840582
-0.0002730879768967
8.059191006078e-05
-9.743491197125e-05
-9.180492582436e-06
0.0001657658737929
7.73029631723e-05
0.0002949865067185
0.0002163972290306
0.0002876685219646
0.000305613644179
0.0003024086559962
0.0002906367667349
0.0002695383524399
0.0002552061627443
0.0002419883292988
0.000226329863919
9.874669133692e-05
0.0001003462402193
0.0001028119056855
0.0001061307714158
0.000208727996827
0.0002022565474692
0.0001962241641394
0.0001851160312079
0.0001717628136988
0.0001792578382498
0.0001893980597901
0.0001703482518582
0.0001636751666738
0.0001574952442925
0.0001499779977555
0.0001392740951144
0.0001442979824402
0.0001511170595526
0.0001382422916576
0.0001323977317481
0.0001295133155255
0.0001268274073747
0.0001218060539376
0.0001110032874363
0.0001063553811889
0.0001045868294374
0.000102043695302
9.879960120095e-05
8.960317650489e-05
8.518066887425e-05
8.343071699417e-05
8.232416094445e-05
8.124304962695e-05
7.91680554354e-05
7.854424491826e-05
8.009024288256e-05
8.118305191542e-05
8.226771287398e-05
8.448934157265e-05
5.311005837332e-05
5.456807970108e-05
5.544751352589e-05
5.59158517806e-05
5.637427732954e-05
5.729559172287e-05
6.733508195232e-05
6.663583576251e-05
6.528995598887e-05
7.231828338646e-05
6.917180373721e-05
6.180769096253e-05
6.454654735944e-05
6.586979526715e-05
6.657658231804e-05
6.727007268491e-05
6.8662781465e-05
5.785282702754e-05
5.736146960335e-05
5.641576562965e-05
6.105194283839e-05
5.913315610178e-05
5.14072394492e-05
5.103549060128e-05
5.03193376594e-05
5.358851803985e-05
5.218052250728e-05
4.809213977285e-05
4.923184597203e-05
4.974277767582e-05
5.010865632932e-05
5.046382927532e-05
5.117569511925e-05
4.65871523424e-05
4.600408276259e-05
4.829950031079e-05
4.750747686992e-05
4.704254304007e-05
4.43242872926e-05
4.512729256908e-05
4.554285547985e-05
4.583695021862e-05
4.612494953658e-05
4.67023971382e-05
4.32057218341e-05
4.29604811201e-05
4.248191268407e-05
4.448566466704e-05
4.370933618524e-05
4.143533677928e-05
4.21131341377e-05
4.246651623684e-05
4.282704727898e-05
4.330812750726e-05
4.04734949609e-05
4.026320967667e-05
3.985002627275e-05
4.134109433077e-05
3.914634962381e-05
3.963923222667e-05
3.994517882471e-05
4.02565860337e-05
4.0673677885e-05
3.829744350154e-05
3.811188705363e-05
3.774636941626e-05
3.895927162069e-05
3.729906541577e-05
3.77424457629e-05
3.792450972281e-05
3.820087854404e-05
3.857145337796e-05
3.653692811096e-05
3.637123673388e-05
3.604516219048e-05
3.704391745536e-05
3.580015930843e-05
3.61187790768e-05
3.628306362148e-05
3.653226918802e-05
3.68659581585e-05
3.459981446192e-05
3.48897291512e-05
3.503853323074e-05
3.518727052397e-05
3.51143337229e-05
3.496661891887e-05
3.467627994375e-05
3.549189824294e-05
3.377777536693e-05
3.397941153242e-05
3.41842456729e-05
3.412134587697e-05
3.398665391949e-05
3.372348202869e-05
3.301963796067e-05
3.320245620005e-05
3.333119853111e-05
3.345772775006e-05
3.333746502375e-05
3.321220977284e-05
-4.997107557754e-06
-1.290009072898e-05
-8.970868277485e-06
-2.461411242566e-05
3.272920734937e-05
3.296748184929e-05
3.284730555842e-05
3.249337609086e-05
3.260827404961e-05
3.238587094419e-05
3.255626142424e-05
-6.680984294091e-05
-6.222854869491e-05
-0.0002129764942902
-0.0002110096000107
-0.0002679847657708
-0.0002823117169256
-0.000371934837254
-0.0001384437341327
-0.0001081214909799
-0.0001511525451638
-0.0001842931332438
-0.0001833757098023
-0.0001830325633029
-3.166848233738e-05
-0.0001084726364083
-0.0001825120527989
-0.000182809580743
-0.0001826221962711
-0.000183603492475
-0.000183997292646
-0.000193581996564
-0.0001928508388915
-0.0001921628898508
-0.0001915081465792
-0.0001894681674875
-0.0001886936648515
-0.0001844211434345
-0.0001855364041253
-0.000186079293786
-0.0001852218851551
-0.0001847372399893
-0.0001868868271571
-0.0001877496360319
-0.000187305991573
-0.0001864849028749
-0.0001866590635699
-0.0001870708440211
-0.0001884102703662
-0.0001891699590594
-0.0001902604964355
-0.0001897013146142
-0.0001921055228314
-0.0001931594761072
-0.0001974224564652
-0.0001989573603275
-0.0001942914975879
-0.0001978243142769
-0.0001994193617198
-0.0002031484485267
-0.0002045236820912
-0.0002005239546876
-0.0002044243292708
-0.0002111602001307
-0.0002566440170619
0.0002040282467436
0.0002324065618522
0.0002449315203601
0.0002617427947318
-5.622895555084e-05
-0.0001422082497534
0.0002772209992278
0.0002798161063794
0.0002644488518211
0.0002339758472927
0.000222474827954
9.151991044367e-05
9.501904061253e-05
9.725459050257e-05
0.0001044652985711
0.0001071111594905
0.000110645575137
0.0002119560662445
0.0001905236465735
0.0001824402025265
0.0001628257832232
0.0001672855028128
0.0001842519164179
0.0001926610864672
0.0001750699470386
0.0001680172334437
0.0001536651240302
0.0001481640466665
0.0001316231998681
0.0001362074214963
0.0001476601510851
0.0001532500112169
0.0001430595492687
0.0001397771957854
0.0001366947984273
0.0001337536500822
0.0001242709290482
0.0001205754028976
0.0001160883352787
0.0001129705515912
0.0001100231736618
0.000107244389941
0.0001004055836107
9.805871573512e-05
9.50714860348e-05
9.228697755085e-05
9.093406282608e-05
8.895474774614e-05
8.703038194956e-05
8.579846053042e-05
8.459919523199e-05
8.019195841164e-05
7.866783521724e-05
7.675639247727e-05
7.344247384412e-05
7.612726043314e-05
7.758847354186e-05
7.910137668986e-05
8.336583529126e-05
8.514048478667e-05
8.756545066117e-05
5.212138846304e-05
5.272132153177e-05
5.33351928968e-05
5.393214785983e-05
5.437688091767e-05
5.480765612378e-05
5.524637018619e-05
5.683250426091e-05
5.75658747922e-05
5.854648126369e-05
6.805932476212e-05
6.595705075788e-05
6.495654751447e-05
6.369964698032e-05
7.403299649174e-05
7.315653515119e-05
7.189470499597e-05
7.031498806214e-05
6.953379846023e-05
6.878519357986e-05
6.013162614576e-05
6.095888479627e-05
6.155409117058e-05
6.213225226619e-05
6.328796460858e-05
6.39283844756e-05
6.490605529982e-05
6.556708377967e-05
6.796261675749e-05
6.908202483487e-05
7.057340742473e-05
5.835880427134e-05
5.6884352066e-05
5.617921229747e-05
5.528694288202e-05
6.220215360762e-05
6.161493815839e-05
6.075904961687e-05
5.993644819254e-05
5.939246499661e-05
5.886805052707e-05
5.178978077251e-05
5.067409065805e-05
5.013748028497e-05
4.94556257065e-05
5.337419834358e-05
5.442486591698e-05
5.399811963972e-05
5.277983172822e-05
5.237011044692e-05
4.746403122856e-05
4.77834188212e-05
4.82666288411e-05
4.873683911493e-05
4.908237930144e-05
4.94181943425e-05
5.081803623885e-05
5.137862674104e-05
4.629366266074e-05
4.585673501213e-05
4.529793421353e-05
4.813221137223e-05
4.878733598299e-05
4.845417053606e-05
4.73468175205e-05
4.765745743868e-05
4.380916097767e-05
4.420440588455e-05
4.446562859042e-05
4.486198358661e-05
4.527571298096e-05
4.641239290113e-05
4.686538917295e-05
4.345587280203e-05
4.271976730351e-05
4.236305253386e-05
4.190218979325e-05
4.435051150545e-05
4.488714337896e-05
4.461519736764e-05
4.396336830628e-05
4.110489890326e-05
4.133054812762e-05
4.155276601601e-05
4.188864688144e-05
4.223588265306e-05
4.306683796816e-05
4.344092249089e-05
4.079406948444e-05
4.005572430353e-05
3.974882063375e-05
4.156332362013e-05
4.122896418161e-05
3.885664005503e-05
3.905267170126e-05
3.924722983668e-05
3.954335759679e-05
3.974413679017e-05
4.046452184844e-05
4.078602713546e-05
3.857994816426e-05
3.792827180677e-05
3.765781000739e-05
3.934834054525e-05
3.915295481528e-05
3.886402774807e-05
3.712627727809e-05
3.738947488963e-05
3.765548578657e-05
3.838570443668e-05
3.866942912379e-05
3.670463903585e-05
3.620747307236e-05
3.596498235315e-05
3.73037239369e-05
3.713051819647e-05
3.695846928674e-05
3.548785535284e-05
3.564453624375e-05
3.58820828587e-05
3.60416411477e-05
3.669863520217e-05
3.695488532907e-05
3.438831827367e-05
3.453194175688e-05
3.467451559994e-05
3.481910911031e-05
3.533689751578e-05
3.526385979309e-05
3.482068630028e-05
3.460586060017e-05
3.572551320894e-05
3.557019166071e-05
3.54162270475e-05
3.364930413546e-05
3.384771393697e-05
3.432631923139e-05
3.385416820742e-05
3.365721521806e-05
3.283933076174e-05
3.296241267662e-05
3.308364862467e-05
3.346534554723e-05
3.30890514958e-05
3.272327788965e-05
-4.851062497907e-05
-4.467000507598e-05
-0.0001828218780204
-0.0001939626199983
-0.0001882113269712
0.0002015168195895
0.0002078345162965
0.0002532607879894
0.0002676609113747
8.950755767273e-05
9.088740066659e-05
9.224744629041e-05
9.434632332458e-05
9.579319987251e-05
0.0001088735419079
0.0001117559839318
0.0001156592297905
0.000158979356469
0.0001236416218888
0.000127512586572
0.0001304879585652
0.0001333382176475
0.0001447027570722
0.0001182949726559
0.0001150086176834
9.654686516603e-05
9.438066565937e-05
9.298424122134e-05
8.766913683403e-05
7.769905173745e-05
7.627273613038e-05
7.217585128997e-05
7.306720718558e-05
7.392883809819e-05
7.524405868588e-05
7.665399378844e-05
8.634274561576e-05
8.825212282122e-05
5.19478710944e-05
5.233626421531e-05
5.374647377442e-05
5.805340567262e-05
5.882811781153e-05
6.431946973785e-05
6.338165876322e-05
7.491754134983e-05
7.109542911212e-05
5.960905246345e-05
6.043238975806e-05
6.270750766897e-05
6.982352106558e-05
7.101467109e-05
5.572858962873e-05
5.506117392514e-05
6.248200523724e-05
6.020317536095e-05
4.979375127819e-05
4.927952864667e-05
5.462935553319e-05
5.296960387171e-05
4.732282840578e-05
4.858942569808e-05
4.557531680106e-05
4.51561261771e-05
4.894567862879e-05
4.369199541984e-05
4.394657930041e-05
4.213132948863e-05
4.178739787541e-05
4.100189127862e-05
4.090130084849e-05
4.068634710239e-05
3.954772703858e-05
3.867416323475e-05
3.848530530021e-05
3.748005251198e-05
3.432208716919e-05
3.446525198342e-05
3.580542843357e-05
3.42574688769e-05
-5.960363073155e-05
-5.538886678078e-05
0.0001136840276386
0.0001169073728569
0.0001200331146283
0.000122643938846
0.0001251467263741
7.181788364913e-05
0.000119110936646
-4.930759838795e-05
-0.0003881660661169
-0.0003875443703963
-0.000181223453756
-0.0001336831486236
-0.0001280718547123
-0.0001395674035727
-4.856459230264e-05
-0.000144164478066
-0.0001391401981243
-0.0001657744967778
0.0001514081432667
0.0003114878582745
-2.052369912293e-06
-3.823545653511e-05
3.242131932807e-05
3.22948928438e-05
3.266077843894e-05
-0.0002093956916671
-8.751343008869e-05
-1.899847954214e-05
-0.0001841866013583
-0.0001845545575348
-0.0001863349957754
-0.0001999242678837
-0.0001936271252395
-0.0002055880071328
2.158156347469e-05
0.0002172262863807
0.0001795788495779
0.0001086441646306
4.790349484068e-05
4.460388479356e-05
4.420032936363e-05
4.167426905378e-05
3.938678339495e-05
3.751698365844e-05
3.685581990308e-05
3.352610994836e-05
3.358203088025e-05
0.000196017206222
9.319058854355e-05
0.0001550315163303
7.435356373043e-05
5.162716277646e-05
7.575968403648e-05
5.909357888832e-05
6.295130836882e-05
4.706865905594e-05
4.106553881959e-05
-0.0002808997431143
-0.0002857353679271
-0.0002818612988389
-0.0002861936600046
-0.0002410128657448
-0.0002481540002184
-8.168116681153e-05
-7.655993916779e-05
-0.0002729021428572
-0.0001811379039184
-0.0001812158139348
-0.0001813829224738
-0.0001815145619744
-0.0001815901810152
-0.000181622477176
-0.0002137367036192
-0.0002187743191376
-0.0002240695064828
-0.000220871698155
-0.000288482053128
-0.0003022778922988
-0.0003204273669967
-0.0003198918771479
-0.0001814555548995
-0.000181288731699
-0.0001810345191452
-0.0001814848681313
-0.0001811394263579
-0.0001810921347119
-0.0002140382822682
-0.0002179007099127
-0.000223056229848
-0.0002224956475311
-0.0002823401227213
-0.0002984707054217
-0.0003158867304795
-0.0003090684547779
-0.0001816010858823
-0.0001814464426623
-0.0001816355514141
-0.0001820536208621
-0.0001820911068106
-0.0001821355165907
-4.167137651753e-06
-0.0001822586991504
-0.0001829221604629
-0.0001953148279129
0.0002562193905788
0.0001001107471134
0.0001639242628587
0.0001044595409257
4.71232202957e-05
4.23622504116e-05
3.986400516738e-05
3.791106675561e-05
3.626828245869e-05
3.392198669509e-05
-0.0001834334128651
-0.0001834980793682
-0.0001895794493768
-0.000185386538612
-0.0001853036649926
-0.000188183279965
-0.0001917472188031
0.0002081656958793
0.0002261120019576
0.0002720115669179
0.0002812582869602
0.0002348695323007
0.0001907220585921
0.0001666770241257
0.0001801131858344
0.0001540721749276
0.0001354853178573
0.0001450530403965
0.0001247311088681
0.0001131757517917
9.084708872713e-05
8.032437866675e-05
7.698353820515e-05
8.271900089798e-05
5.250103457838e-05
5.657743760872e-05
6.610474637743e-05
7.31428015039e-05
6.378900209872e-05
6.754100517277e-05
5.699389914857e-05
6.16251063111e-05
5.168351245124e-05
5.07590464162e-05
5.400719184161e-05
4.773198898362e-05
5.063283407807e-05
4.636672012063e-05
4.626713851302e-05
4.33898242488e-05
4.277262567604e-05
4.296001390346e-05
4.009792214625e-05
4.161481817093e-05
4.038117759905e-05
3.796057153072e-05
3.914497978422e-05
3.706161256829e-05
3.624044394559e-05
3.563232225293e-05
3.484614329939e-05
3.388302580491e-05
3.311436222078e-05
3.267401712328e-05
-0.0001883133198984
0.000245756439673
0.0001077966108269
0.0001186551856013
9.662719792369e-05
7.787650096925e-05
8.570824142938e-05
5.778692376647e-05
6.443569081884e-05
6.938251907437e-05
5.582485824478e-05
4.988531502211e-05
4.564242030463e-05
4.218156771915e-05
3.751342096712e-05
3.449183475207e-05
-7.907567715392e-05
-7.483904126872e-05
0.0001122002959351
-5.626557766999e-05
-0.0001453827994301
-0.0001412344381964
-3.927592658804e-05
-0.0001840637558233
-0.0002014911597648
-0.0001296782673001
-0.0001813991357575
-0.0002169614278743
-0.0002247679993485
-0.0003036767461749
-0.0001812852228778
-0.000213296800504
-0.000217724816536
-0.0002957568299638
-0.0001814073721004
-0.0001824335450577
-0.0001820838813304
-0.0001821521001716
-0.0001824615911007
-0.0001818891052666
-0.0001819507685316
-0.0001820276314814
-0.0001972415417567
9.667767105259e-05
0.0001036154583613
0.0001005277268296
3.831945571087e-05
3.663728823663e-05
0.0001677220497274
7.126078119488e-05
6.239250407136e-05
3.958284969368e-05
3.528426122951e-05
-0.0001815031394137
-0.0001827213005614
-0.0003558181397597
-0.0003482357975617
-2.73435114299e-08
-1.029832235973e-06
-1.030412272054e-06
-2.66112570106e-08
-0.0002112322411151
-0.0002091186404839
-2.717895257885e-05
-4.574394424608e-06
-6.925149879195e-05
-0.0002049696087461
-4.431726638913e-05
0.0001608717758971
4.853021818451e-05
4.410627664737e-05
4.460345706924e-05
4.126645008496e-05
3.895770214477e-05
3.328805604677e-05
8.990084415408e-05
7.253259041966e-05
-0.0002469927768777
-0.0002396924357354
-0.0001845929299473
-0.0001869281169758
0.0002052617205515
4.067624046276e-05
3.281534168051e-05
3.708069185877e-05
-4.438894801006e-05
3.248409390623e-05
-0.0002614891790974
3.444916751838e-05
-0.0001928325989968
0.0003074666155389
0.0001391604767398
0.0001224590517129
8.553966120841e-05
5.399935415143e-05
6.811634563069e-05
5.838670555924e-05
4.88018688726e-05
4.520702314395e-05
3.557172787103e-05
3.521865646617e-05
-0.0001968161485154
-0.0001998081275377
6.021345026357e-05
-0.0001828925734733
-0.0002076597195966
-5.10987305231e-05
0.0001204999927158
0.0001281431106398
8.408503999701e-05
5.950880164803e-05
4.93938767609e-05
-0.0001957004528725
-0.0002086071768504
-4.249496212796e-05
-4.438360829932e-05
-0.0002832089765865
-4.470516284353e-05
-0.0002167311853229
-0.000275050461218
-4.074803207314e-05
-0.0001824043744772
-0.0001826006038058
-0.0001983210527486
-9.458725447068e-05
-0.0001036629749482
-4.667096672373e-05
-0.0001821932217418
-0.0001823578605733
-7.839295496833e-05
-0.000180501605816
-0.0002505982725836
-4.477683302343e-05
-4.38793509242e-05
-0.0002570609653025
-2.326038151746e-05
-2.558885625225e-05
-0.0001704819858297
2.208134359481e-06
-9.355709346835e-05
-8.781579075545e-05
-0.0001814178060649
-0.0003340588789688
-0.000181342346318
-0.0003315583805186
-0.0002954193677162
0.0002497556679899
0.0001926378201173
0.0002837820184966
-0.0001866406235615
-5.60140634225e-05
-0.0003057354272027
-0.0001811891649112
9.861371967388e-05
6.306120982855e-05
3.896311272242e-05
3.558657219631e-05
-0.0002536885948589
0.0002095998762976
-0.0002031182023513
-1.042621509765e-05
-0.0002581201085104
-0.0002528890205683
-0.0001917789958138
0.0002848455698231
0.0001268268554109
-5.420217016101e-05
5.927351124588e-05
-4.351604659666e-05
-1.449475632022e-05
-0.0001990136170821
-0.000200141860528
-3.521462988087e-05
-9.978801914021e-05
-0.0001781355327975
-0.0002700698110357
-0.0002933331049959
-0.0001946586029596
-4.207924397267e-05
0.0001069953732748
1.843901134328e-05
-0.0002635014150964
0.0001329867003628
0.0001496332690172
-0.0002775193127722
-0.0002210714662751
-0.0002237761683571
-0.0001002267545052
0.0001608927040306
0.0001411157479672
-0.0001750269254884
0.0001314407076832
-2.471658210357e-05
-0.0001674483482377
-6.792654687748e-05
-2.381362339926e-05
3.931325081976e-05
-8.482128964601e-05
-0.0001016617659281
-7.950390959969e-05
-9.380995485383e-05
-0.000313306871617
0.0002358722974622
0.0002791732275342
0.0002319925383288
0.000212722432194
0.0001583343105294
-0.0001866759621568
-5.944938691422e-05
-0.0002376279599533
-0.0001810474800934
-9.424659758146e-05
-0.0001811615042054
-0.0001822048039024
-0.0002057879838773
-0.000200427999222
0.0002907639192789
0.0002634868372253
0.0003022154546386
0.0001239054046926
0.0001772839056957
-5.745086332754e-05
-3.03695810228e-05
-5.605192166578e-06
              0
-2.790154238369e-05
-0.0001956064544334
2.001290464278e-05
-3.753847054606e-05
-0.000316412578327
0.0001666642937899
-0.0001775114942813
-0.0002326284838023
-0.000263580212265
-0.0001453468889976
-8.910048979277e-05
-0.0002914684791474
-0.0003151887760415
0.0002354130509681
0.000249291099413
0.0001703297172228
0.0001110195586965
-0.0001859453093747
-0.0001874463920827
-0.0001811175270085
-0.000181392110192
-0.0003274409547864
-0.0002024176194316
-0.0002029500159875
0.0003107316578423
0.0001914310307679
-3.501417838138e-05
-3.603095702813e-05
-5.022518033552e-05
-3.976844339775e-05
-0.0002014100381186
-0.0001968717738628
3.69418367441e-05
-6.666182930588e-05
-4.529062105006e-06
-0.0003167947084558
-0.0002871441631151
0.0001137277127433
9.362898758186e-05
-0.0002932707837534
-0.000260067939965
-0.0001991015387146
-0.000249898520057
-0.0002035751829388
-0.0001916959797955
-0.0002738149711444
0.0002271219750253
0.0002581319095426
0.0001869958720219
0.0001372013934862
0.000105203823663
-0.0001845478613922
-0.0001880977498062
0.00020749582427
0.0001564234146669
-3.958453999299e-05
-3.68504443557e-05
-0.0002009841877856
-0.0001974897381689
-5.610332797714e-05
-0.0002911020581227
-3.27025899649e-05
1.919929121493e-05
-1.646072931441e-05
-0.0002509101160633
-0.0002776783236866
0.0002108620597777
0.0002629437461117
0.0001736797411968
6.443412610147e-05
-0.0001856181916798
-0.0001885666945464
0.0001905359099762
0.0001518031988754
-1.45340482591e-05
-0.0003116511024213
-5.34748669073e-05
-0.0001878861197306
8.880302949742e-05
0.0001741684584092
0.0001252328179265
8.680794269385e-05
6.031322455518e-05
-0.0001859868449851
-0.0001866056606393
-0.0001881842747057
-0.0001874702706705
0.0001911309180154
0.0001352855851349
-2.763673138223e-05
0.000219758034145
0.0002340372624393
0.0002089031434652
0.0001631077796395
8.658162472994e-05
-5.23273778515e-05
-8.3695565535e-06
9.282946413045e-05
-6.023295231364e-05
-7.448745553388e-05
-0.0001843175856855
-0.0001812927196618
-0.00022118911252
-0.0002085365775708
-0.0002147698139136
-9.588347639355e-05
-0.0001191834307023
-6.778925868912e-05
-9.125602279955e-05
-0.0001149795603959
-0.0001139997800539
-6.408873113315e-05
-3.292718923098e-05
-0.0001825748779053
-0.0001822394095723
-0.0001935394753514
0.0001033005078263
3.769519776002e-05
7.280711297371e-05
-1.918194814513e-07
-1.021405876786e-05
-1.019303490679e-05
-1.851124715501e-07
-0.0002098971182262
-2.245103431643e-05
4.644270189386e-05
5.009502568831e-05
4.247681176111e-05
4.292803217983e-05
3.99931394392e-05
8.17805714895e-05
-0.0002321072950877
-0.0002373960908665
-0.0002328143488171
-0.0001840044538184
-0.0001841293392152
-0.0001834162926756
-0.0001842268634406
-0.000183595012693
-0.0001830516906536
-0.0001874668986763
3.304179249373e-05
0.0001487565639398
3.456686328661e-05
5.634371640179e-05
-0.0001824987418083
-0.000210059676423
0.0001129562595009
8.134842199473e-05
4.986763485931e-05
-0.0001946185990182
-0.0002703392897502
-0.0002510874997838
-0.0002621077970158
-0.0002666210875522
-0.0002635355741872
-0.0002460533400691
-0.0001118691461203
-7.172737946749e-05
-3.456325435209e-05
-0.0001818518527724
-0.0001820294411933
-0.0001829772006721
-0.0003454738982428
0.0002916145026964
-4.74803210925e-05
-4.187983742842e-05
-3.864023296247e-05
-4.186715889814e-05
-4.757077763249e-05
-3.302930737158e-05
-5.000485429714e-05
-3.735207064794e-05
-3.325223540477e-05
6.717932432025e-05
3.975973857105e-05
3.761362596598e-05
3.621136141264e-05
0.0001080995299893
-3.288307613994e-05
-0.0002700388775091
-0.0002620210315606
-0.0001931766626422
-0.0001906550109864
-0.0001901565058902
6.45400965458e-05
5.603543222527e-05
-0.0002211084239492
-0.0002126204148392
-0.0002459356759745
-0.0001264146013387
-0.0001077064210454
-0.0001167112788591
2.136603186718e-05
3.556923842179e-05
-0.0001173803904404
-0.000248649689782
6.056993829586e-05
0.000186650045484
4.126096054871e-05
5.324585644364e-05
-0.0001180836121523
-0.0001168723700921
-0.0001121441258602
-0.0001102302021586
-0.0001163666457573
-0.0001180623778235
-0.0001027671124736
-9.942938346693e-05
-9.598182514536e-05
-0.0003028541716689
-0.0001425183201665
-1.677763956123e-05
-0.0001974909607754
0.0002630166183313
0.0002318115376164
-4.894731282888e-05
-4.234006867409e-05
-3.740172364484e-05
-4.386672071546e-05
-6.502948746108e-05
-4.996126550056e-06
              0
-2.189489789262e-05
-7.68549628639e-05
-8.236901066854e-05
-0.0001418901293029
-0.0001174236174358
0.00025779284397
0.0002600089327465
0.000279020166787
0.0002375558361674
-0.0001819216026676
-0.0002053384003221
-0.000204454336759
-1.696045454179e-05
0.0002552238161838
0.0002782014133243
-0.0002759405309913
-0.0002602411470631
-0.0002615029015493
-0.0002731742116961
-0.0002724606155173
-0.0002305574377595
-0.0002356275162642
-0.0002472764385113
-0.0002902070980936
-0.0002985150194267
-0.000265304410453
-0.0002666050586295
-0.0003003327774158
-0.0002418931967209
-0.0001277583142806
-3.103116266825e-05
0.0001621662144094
-0.0001873533185911
-0.0001859283441632
-0.0001880963620784
-0.0001894067858721
-0.0001864630558711
0.0002158203995427
0.0002066869400018
-7.267329373891e-06
2.313707573746e-05
7.914912016825e-06
-4.70232647882e-05
-0.00017834542189
-0.0001751880779536
-0.0002151698575861
-0.0002103564291147
-3.712992045835e-05
-3.378297536956e-05
-0.000106567255828
-7.978844087922e-05
-0.0001434565270635
-0.0001387648917666
-0.000177207882716
-3.36362416326e-05
-7.679149870596e-05
-8.836500014945e-05
-9.861273680439e-05
-9.256185990705e-05
-2.608574242719e-05
-0.0001826316723949
-0.0001952848226006
0.0001170243200164
9.730288673143e-05
-1.025562286939e-07
-3.703336682846e-06
-3.697887859681e-06
-9.903810369313e-08
-0.0002050594773041
-0.0002060490379605
4.592494116551e-05
5.109338028985e-05
4.240303859688e-05
-0.0002469828703848
-0.0002266403481775
-0.0001828332824294
-0.000182832366584
-0.0001824738535704
0.0001761623122286
3.494582668444e-05
-0.0001921191238086
-0.0002798609641413
-7.186546340862e-05
-3.209520721463e-05
-5.561314024673e-05
-7.19624550666e-05
-3.17648124018e-05
-4.092577514737e-05
-0.0001818641096611
-0.0001821090843197
-0.0001820628950723
-0.0001817993533442
-0.0001818952576832
-0.0001826001973696
-0.000182678713452
-0.0001837221993166
-0.0001942933191387
-0.0001914187424785
-0.0001921034205927
-0.0001966075988498
-0.0002447320519047
-9.943411702343e-05
-0.0001400427699035
-0.0001851216397008
0.0001046159608898
1.049054191103e-05
-5.760110973937e-05
0.0001248508542875
5.812575910954e-06
-0.0001981174905981
-5.831355770438e-05
-0.0001431591305327
-0.0001991562527247
-0.0002346351556983
-0.0002453802938954
-5.521775715084e-05
-0.0001806309301769
-0.000181342730917
-0.0001722626890875
-0.000174781339741
-0.0001900188508244
-0.0001628685608936
-0.0001856559032294
-0.0001894587105413
-0.0001834618495981
-0.0001767850079696
-0.0001818831735042
-0.0001839337685662
-0.0002170944516917
-0.0002277951551521
-0.0002202617829138
-0.0002043762546896
-8.526692367606e-05
-0.000143253722865
-6.237710155484e-05
-9.714009278276e-05
-2.973885187414e-05
-6.875196432193e-05
-0.0001605697884208
-0.0001258438723512
-0.0001514014044697
-0.0001153295068171
-0.0001574109838469
-0.000120130478185
-0.0001547654654689
-5.908540629082e-05
-3.934958055597e-05
-0.0001143911469384
-2.908036727429e-05
-2.900691978036e-05
-2.619073331733e-05
-2.223544986798e-05
-0.0001985082165662
0.0001146248881239
-0.0002077168212119
-0.0002103549024399
-0.0002082378553523
-0.0002075271112528
-0.0002043705741233
-0.0001983304378635
-0.0002113586900753
-0.0002023439388892
-0.0002535006137456
-0.0002442077768224
-0.0002219626274764
-0.0002180048392675
-0.0001825168494456
-0.0001062329905983
-6.789389154881e-05
              0
-9.25683357806e-06
-3.433744930033e-05
-3.639731565382e-05
-3.821092590647e-05
-4.283673133175e-05
-0.0001816685384623
-0.0001814807997837
-0.0001819608142912
-0.0001825099236562
-0.000183737793405
-0.0001833152346415
-0.0001933044390717
-0.0001946905134848
-0.0001018403107464
-0.0001032090789341
-0.0001607879556174
-0.0001526120347353
-0.0001272922579659
-6.477921100472e-05
-5.667665755823e-05
-4.563433616265e-05
-5.176458889782e-05
-4.728791177552e-05
-4.918549610703e-05
-4.2060762077e-05
-3.584666007031e-05
-6.621194377275e-05
-5.947008715082e-05
-0.000116994584066
-0.0001399370000003
-0.0002034556907284
-5.9790346618e-05
-0.0001809957744698
-0.0001869033733752
-0.0001832751328847
-0.0001873287381725
-0.0001854454516207
-0.0001763105058875
-0.0001805371568475
-0.0002101963556206
-0.0002339906946224
-0.0001226199835136
-0.0001330520378766
-0.0001243389122106
-7.117060913432e-05
-0.0001006926456834
-2.055326520718e-05
-0.0002003265739877
-0.0002010132936483
-0.0001976828872968
-0.0002063979438691
-0.0002035173051967
-0.0002008051944374
-0.0001967992300163
-0.0002370861220202
-0.0001522854116734
-7.178767752913e-05
-9.484602010542e-05
-5.229578758744e-05
-1.767139548449e-05
-1.389653591003e-05
              0
-0.0001813599082565
-0.0001956946021813
-0.0001953887149429
-0.0001936257231951
-0.0001931346274574
-0.0001916323915426
-0.0001923283135387
-0.0001926434718487
-0.0001938440667837
-0.0001930473174371
-0.0001204727823707
-0.0001085687880963
-0.0001286219480881
-8.630885345816e-05
-6.987056226271e-05
-7.519116595806e-05
-6.190062396318e-05
-7.726270726823e-05
-9.178079981527e-05
-8.123252120056e-05
-8.103452950169e-05
-4.771976441489e-05
-9.753423934941e-05
-6.450868759074e-05
-9.896991736854e-05
-5.959917440177e-05
-9.448809214502e-05
-6.659894932629e-05
-5.0626992046e-05
-7.80604236049e-05
-7.875026546143e-05
-0.0001408604889355
-0.0001348383084889
-0.0002053129891363
-0.0002017161478961
-0.0001992119757312
-0.0001979331853841
-0.0001862880398347
-0.000187337898647
-0.0001893818997011
-0.0001858239290884
-0.0001861407889739
-0.0001913058317344
-0.0002181279692885
-0.0002033823661424
-0.0002210578987388
-0.0002098548298396
-0.0002284544266151
-0.0002257374238087
-0.0002305517875366
-0.000107535034983
-0.0001351118511839
-0.0001044593480975
-9.387296293284e-05
-2.401659265693e-05
-0.0001957266567513
-0.000195587575033
-0.000203243778235
-0.0002028455914421
-0.0002002323342415
-0.0001971789261756
-0.0001931007888003
-0.0001968470858056
-0.0001931199795141
-0.0001922074281839
-0.0001903460387297
-6.573790368533e-05
-5.531628212064e-06
-2.739687747929e-05
-3.692424005712e-05
-0.0001393723348581
-0.0001410113450321
-0.000156081874861
-0.0001267677508258
-8.829955223141e-05
-8.971978383732e-05
-9.527369953624e-05
-3.153414988545e-05
-0.0002011849486297
-0.0002072750819905
-0.0002045028224864
-0.0002097867320976
-0.0001989533604816
-0.0001993763668055
-0.0001882358197563
-0.0001890626000313
-0.0001883884916292
-0.0001951701345033
-0.0001955673931045
-0.0001845378873349
-0.000240188662441
-0.0002476704443913
-0.0001576702591502
-0.0001558969732839
-0.0001461560886314
-2.601690525583e-05
-2.295521698909e-05
-2.715012827647e-05
-0.0001971972920659
-0.0001945589416587
-0.0001960205037578
-0.0001938314291899
-0.00019259288389
-0.0001166001153311
-0.0001087728999792
-4.230704345244e-05
-0.0002135795858889
-0.0002117630291186
-0.0001916572901238
-0.0001870888948345
-0.0001975971677774
-0.0002035783366005
-0.0001859352182883
-0.0001894148909876
-0.0002563629933396
-2.086134322144e-05
-2.903169371007e-05
-2.359735499341e-05
-0.0001945715215017
-0.0001936582388847
-0.0001956993858839
-0.0001936893634363
-0.0001893974304943
-0.0001926054862472
-4.94469180726e-05
-2.079472234244e-05
-0.000190347677755
-0.0001904966841654
-0.0001902730322056
-0.0001898183001576
-0.0001917343692173
-0.00019423061302
-0.0001924644368518
-0.0001813085499806
-1.443181361406e-05
-2.613743385652e-05
-2.297618029011e-05
-2.217558114984e-05
-0.0001904953058697
-0.0001913972736524
-0.0001924546810395
-3.461004992856e-05
-0.0001893989166062
-0.0001896186853651
-0.0001261003723303
-0.0001924722786957
-0.000192667828887
-0.000192129516755
-1.625307388044e-05
-3.155112365116e-05
-0.0001005999603314
-0.0001936266886656
-0.0001919458280364
-0.0001904528077577
-3.101139293383e-05
-4.113327691643e-05
-1.684855774626e-05
-4.034803946436e-05
-1.555781735593e-05
-3.336422990706e-05
-2.386169696204e-05
-1.508357045183e-05
7.883117877873e-06
-3.379967662846e-06
-1.016340770355e-05
-0.0001190006417321
-7.139515396616e-05
-0.000190814892248
-0.0001912824785625
-0.0001911327272401
-0.0001890183750785
-0.0001898975368543
2.343551723398e-05
-9.656718499644e-05
-6.246957129363e-05
-0.000191701231769
-0.0001905872369804
-0.0001896386792462
-0.0001885994717055
4.372568543877e-06
-0.0001899342293714
-0.0001886206037822
-0.0001894013401967
-0.0001887016696706
-0.0001892753111465
-0.000189481542642
-7.648781511286e-06
-0.0001894579076696
-0.0001887967580694
-0.0001881596143929
-0.0001891042641463
-0.0001899590803219
-0.0001922607541061
-0.0001910725022108
-0.0001915902156968
-0.0001882546027846
-0.0001873198310002
-0.0001875881893817
-0.0001880996216637
-0.0001879596738201
-0.0001883142835436
-0.0001809075753157
-0.0001592618373266
-0.0002117449127714
-0.000239508391443
-0.0002331639329103
-0.0002359551076033
-0.0001861014737088
-0.0001859455207741
-0.0001852691866489
-0.0001855309744983
-0.0001862731426345
-0.0002753104276398
-0.0001830086746372
-0.0001152810527072
-0.0001811899416022
-0.0001198574498129
0.0001338343976035
0.0002255110130655
0.0001446371928065
8.296158426549e-06
1.903841530378e-05
-0.0001201466807153
7.47348480206e-05
-0.0001941999933605
-6.247699770164e-05
-4.971796424486e-05
-2.318701392859e-05
-1.470966313695e-05
9.994697499997e-06
-3.322476550144e-05
-2.635553058047e-05
-0.0001983386415111
-0.0001231374358189
-3.271899964893e-05
-4.183730462285e-05
-3.961110016416e-05
-4.506253976336e-05
-6.584755438299e-08
-5.11336553495e-07
-2.665340954479e-05
-6.79786798242e-06
-6.854862198447e-06
-2.701097287499e-05
-6.668992682763e-08
-4.822422834414e-07
-0.0001838298710656
-0.0001834034290104
-0.0001829005694683
-0.000183760704334
-0.0001826768495121
-0.000183441102141
-0.000182662867197
-0.0001832700780116
-0.0001838882810479
-0.0001830190274873
-0.0001831616084816
-0.000182052364612
-0.0001848483385956
-0.0001840789262394
-0.0001834439903106
-0.0001834955069646
-0.0001822737092094
-0.0001843560118177
-0.0001848144335376
-0.0001857219001764
-0.0001834730716028
-0.0001846941602905
-0.0001854724845885
-0.0001847543390392
-0.0001834637298729
-0.0001825199892336
-0.0001829654366257
-0.0001825780872931
-0.0001818232499152
-0.0001822670685476
-0.0001821973110056
-0.0001818958670461
-0.0001819544613628
-0.0001813049332864
-0.0001816107599958
-0.0001812856820433
-0.0001815058636542
-0.000181638973294
-0.0001842665074924
-0.0001848365669599
-0.0001812201752853
-0.0001817321992925
-0.0001814419239825
-0.0001854936106799
-0.0001873026597856
-0.000186449218439
-0.000187343961587
-0.0001863258444563
-0.0001872867945569
-0.0001898424823437
-0.0001885327706376
-0.0001866573337526
-0.0001866527492379
-0.0001874087014228
-0.0001872960065931
-0.0001854965437515
-0.0001887239239287
-0.0001870281685182
-0.0001882149323167
-0.0001864647850531
-0.0001865027030042
-0.0001866911987645
-0.0001867954485568
-0.0001858770300659
-0.0001879174893358
-0.0001883614731232
-0.0001882150685396
-0.0001893633845262
-0.0001890285129302
-0.0001905071197266
-0.0001907327199556
-0.000192339130832
-0.0001917182800086
-0.000192726294056
-0.0001901249240481
-0.000191055484055
-0.0001910227552509
3.265034884285e-05
-0.000237906734827
-0.0001064405071306
-6.85951220814e-05
-7.785507490297e-05
-0.0001811256605823
-0.0001204381144145
-4.587944710741e-05
-0.0001265990371992
-0.000183569878311
-4.145004099025e-05
-2.842480765217e-05
-5.743375004733e-05
-6.152737305951e-05
-6.429146659903e-05
-5.356650221202e-05
-5.092527390473e-05
0.0002690937450559
-0.0001892722385002
-0.000131462899087
-0.0001157868392777
-0.0001286647644413
-0.0001477834581482
-0.0001292555545991
-0.0001194463217804
-0.0001199388976733
-0.0001195683888525
-0.000108304214819
-8.984724959455e-05
-0.000134014731015
-9.558244482006e-05
              0
-0.0002414568340155
-0.0002286644084208
-0.0002255537870262
-0.0002478676009569
-0.0002061036062326
-0.0002022325634125
-0.0002119739616344
-0.0001829155636566
-0.0002061883323568
-0.0002152564583158
-0.000190459154049
-0.000199366166733
-0.000201702097775
-0.0001900264606408
-0.0001920798366249
-0.0002173866074038
-0.000167382337787
-0.000190846837977
-0.0001740235966641
-0.0002101133478678
-0.0001542323601206
-0.0001530938273439
-0.0001739835012584
-0.0001597718592164
-0.0001471879654292
-0.0001629983396028
-0.0001817996317105
-0.0001996108831462
-0.0002009050121852
-0.0002083387607951
-0.0002222082929214
-0.0002222229119306
0.0001306284155704
-0.0001893507454635
-0.0001858927184506
-0.0001851637851175
-0.0001844360480246
-0.0001853338910017
-0.000184670290153
-0.000184041621779
-0.0001839980753593
-0.000183458276176
-0.0001831703451816
-0.0001835909610808
-0.0001829932959499
-0.0001859079929316
-0.0001846645096778
-0.0001826305077981
-0.0001822768348394
-0.0001851912900626
-0.0001845794846495
-0.0001855506242713
-0.0001835386888969
-0.0001855525136339
-0.0001864367094585
-0.0001840963807613
-0.0001837339985874
-0.0001839440734468
-0.0001832331671189
-0.0001841730352293
-0.0001827468409679
-0.0001847780214672
-0.0001830888352493
-0.000183279934846
-0.0001869089078441
-0.0001866816521417
-0.0001888488232949
-0.0001872907322777
-0.0001883382476841
-0.000187984951157
-0.0001891192540495
-0.0001863344242891
-0.0001874456572338
-0.0001896634605906
-0.0001906070395926
-0.0001861363413567
-0.0001854958494889
-0.0001869957514871
-0.0001875857734177
-0.0001882776824649
-0.0001878811041618
-0.0001890964212093
-0.0001845075716485
-0.000185827303506
-0.0001887531628994
-0.0001848270986913
-0.0001885815377655
-0.0001884516363262
3.605193711473e-05
-3.736412914518e-05
-2.93679016713e-05
-3.234276561048e-05
-2.515369740671e-05
-2.830955115503e-05
-2.771302764163e-05
-2.357282376261e-05
-3.059931420655e-05
-2.312044696669e-05
-2.535719352956e-05
-2.491323342945e-05
-2.135501280165e-05
-2.245459679132e-05
-1.562867353699e-05
-0.000205253915058
-0.0002074890462036
-0.0002030300030843
-0.0001902205609502
-0.0002069467836599
-3.841582235521e-05
-2.188592275848e-05
-0.0002038244737062
-0.0002049734170526
-0.0002001195283039
-0.0001993266418552
-0.0001960569514601
-0.0002003959313239
-0.0001953826479021
-0.0002132135180044
-0.000207571124378
-0.0002122075657713
-0.000200459292962
-0.0001810678403377
-0.0001817808928214
-0.0001822462666555
-0.0001823458436302
-0.0001820163194822
-0.0001820748906772
-0.0001825827520842
-0.0001821980179829
-0.0001814025694209
-0.0001815044797488
-0.0001828396204277
-0.000181702430179
-0.000181726643163
-0.0001811710934224
-0.0001815814146234
-0.0001813773863013
-0.000180948658235
-0.0001812955169938
-0.0001812492189064
-0.0001825485291085
-0.0001813352922135
-0.0001819518616018
-0.000182383007721
-0.0001826079833485
-0.0001830004945105
-0.0001835191113574
-0.0001827764030445
-0.0001816313413352
-0.0001819742781909
-0.0001823898023897
-0.0001827424864026
-0.0001835190003717
-0.0001831907332282
-0.0001837167742774
-0.0001830441767168
-0.0001833739131983
-0.0001840681556008
-0.0001839809072125
-0.0001847857815169
-0.0001842533472074
-0.0001822259004102
-0.000184027660594
-5.574251089365e-05
-4.388283640097e-05
-5.727840269442e-05
-5.243071709327e-05
-6.352125606601e-05
-0.0001881904066306
-0.0002130924395608
-0.0001986118176847
-0.0002083351228902
-0.0002354981935846
-0.000249359330552
-0.0002489525229215
-0.0002379169012565
-0.0002428767170745
-0.000241372971624
-0.0001966990362279
-0.0001924067279593
-0.0002005996488719
-0.0001024818321569
-0.0001121739440663
-0.0001302591995634
-0.0001334034600384
-0.0001522962900873
-0.0001603561577837
-0.0001699011092912
-0.0001041251518104
-8.844366802466e-05
-0.0001422267247927
-0.0001560239816076
-0.0001823321256638
-8.417885019731e-05
-7.806137144941e-05
-8.272763193919e-05
-8.150163992427e-05
-7.57926652991e-05
-8.564966610585e-05
-0.0001938860064241
-0.000196127578017
-0.0001941692844472
-0.0001939609921653
-0.0001930281535273
-0.0001959016014218
-0.0001584657530763
-3.226945429781e-05
-2.996096677808e-05
-2.630550538613e-05
-0.000194538706609
-0.000196006764154
-0.0001954511840744
-0.0001927597972354
-0.0001942325775682
-0.0001903640323467
-5.768873324666e-05
-2.916528230551e-06
8.779431825721e-06
-4.89100271279e-06
-0.0001902714770491
-0.0001887056564013
-0.0001905201012296
-0.0001878278182497
-0.0001874517158619
-0.0001880910914708
-0.0001875755674483
-0.0001872290793025
-0.0001883938007101
-0.0001489147213141
-0.0001737613662014
-0.0001782894043444
-0.0001672179872372
-0.0001730044923798
-0.0001891846506693
-0.0001812720438093
-0.0001273593917312
7.623905782404e-05
2.994734831748e-05
2.170537416385e-05
5.094384264175e-05
3.372761979208e-05
2.560163832808e-05
-0.0001968263412687
-0.0001967919107941
-0.0002001438665097
-2.007113410186e-05
-2.448872177801e-05
-1.597983717628e-08
-6.471739794755e-08
-3.476577624739e-07
-5.442273085582e-07
-2.929078227488e-07
-1.166179158566e-05
-8.268133650962e-06
-1.32049714329e-06
-4.027174845839e-05
-1.679076077208e-06
-1.328160087148e-06
-1.395623521428e-05
-1.170324967126e-05
-9.067811897103e-06
-4.015977003124e-05
-1.624080330005e-08
              0
-2.878946554319e-07
-3.303787430983e-07
-5.062309313854e-07
-0.0001832437567269
-0.0001849002900162
-0.0001819158150907
-0.0001812919411211
-0.0001815471190281
-0.000181027018458
-0.0001809187175864
-0.0001808035800128
-0.000181133438293
-0.0001808152717043
-0.0001809033388679
-0.0001806568071658
-0.0001880185014904
-0.0001884398606556
-0.0001875930477246
-0.0001878315476179
-0.0001880350133088
-0.000187182716488
-0.0001874419843568
-0.0001875346597362
-0.0001880816162438
-0.0001881257436438
-0.0001887784576619
-0.0001878514670704
-0.0001875928237725
-0.0001868852108962
-0.0001869785618031
-0.0001865130304015
-0.0001860009624764
-0.0001868469659992
-0.0001864639184493
-0.000185062426658
-0.000191970974308
-0.0001891119242331
-0.0001894388270863
-0.000246767106533
-0.0001251260185341
-8.871478967973e-05
-1.043989413666e-05
-4.121522602683e-05
-1.228297754353e-05
-8.299142628162e-05
-4.75632322286e-06
              0
-7.283807105822e-05
-3.871163640604e-05
-0.0001243414410216
-1.638935278296e-05
-5.721453402021e-05
-4.622148433056e-05
-2.235801834451e-05
-0.0001035629455504
-5.057998494252e-06
              0
-8.385458983916e-05
-2.731091174746e-05
-0.0001809185006915
-0.0001259215543509
-0.0001171963269188
-5.738931810457e-05
-0.00012845456429
-0.0001805326300448
-0.0001807523452841
-3.022288180542e-05
-6.629012751629e-05
-2.554861292591e-05
-8.416220957871e-05
-9.52244051068e-05
              0
-7.39822912477e-06
              0
-9.121809189024e-06
-3.458555958618e-05
-1.02346194993e-05
-6.273784236065e-05
-3.142239819341e-06
              0
-1.726123432694e-05
-3.017173449962e-05
-6.055570899907e-05
-1.920051155613e-05
-0.0001710445708231
-0.0001509659170853
-0.0002097852195402
-0.0002285978975657
-0.0002304969754682
-0.000230849343086
-0.0001849572776731
-0.0001836721345969
-0.0001903706262511
-0.0001910245986237
-0.0001910294951447
-0.0001902333574305
-0.000191274166609
-0.0001907821865068
-0.0001915852192786
-0.0001864165032176
-0.0001874043402682
-0.0001869699279705
-0.0001903556166052
-0.0001851830121904
-0.0001849238014309
-0.0001857849670967
-0.0001857825501725
-0.0001853626569506
2.305850835581e-05
1.563789854862e-05
3.44083051065e-05
9.752480600254e-06
-3.24484478129e-05
-2.585144474766e-05
-2.450291686856e-05
-1.84741415866e-05
-0.0002034152726166
-0.0001900512382892
-0.0001852778868667
-0.0002024627955148
-0.0002012686823756
-0.0001955343810541
-0.0001931932786214
-0.0001886573474672
-0.0001909080211668
-0.0001908825554848
-0.000188752819322
-0.0001854329040399
-0.0001979486010015
-0.000202322561101
-0.0001969527669387
-0.0001807141664394
-0.0001834828578978
-0.0001844986947157
-1.860810810939e-05
-5.001000140177e-05
-5.299927716202e-05
-3.593459643964e-05
-5.521560789583e-05
-4.153708197617e-05
-5.715673220185e-05
-4.993346114577e-05
-4.555211710813e-05
-4.091414754248e-05
-2.940796428304e-05
-4.558319511871e-05
-4.041216063934e-05
-3.64265327376e-05
-3.188311826372e-05
-3.288452912932e-05
-2.337279220008e-05
-3.737540550692e-05
-3.028946718062e-05
-4.199459975568e-05
-2.090449619543e-05
-2.549017621927e-05
-2.582911038174e-05
-2.301202073861e-05
-2.126302269871e-05
-1.318051690796e-05
-2.310883947022e-05
-2.273395585415e-05
-8.824035595578e-06
-3.046895689153e-05
-1.630292080558e-05
-3.143979020828e-05
-9.923412557912e-06
-2.309111964681e-05
-3.79910807077e-05
-1.60936611385e-05
-3.025291434638e-05
-5.14592129914e-05
-6.263805490646e-05
-4.638177479722e-05
              0
-3.418007151795e-06
-1.574847997517e-05
              0
-4.26004490328e-06
-3.067589227333e-06
-4.869605641607e-05
-0.000106752847755
-0.0001219947791378
-0.0001148166316637
-0.0001803160472681
-0.000180610107084
-0.0001803975936108
-0.0001806166908378
-0.0001803218121549
-0.0001807297718831
-0.0001800499116987
-0.000180474189502
              0
-6.666263109501e-05
-7.635897921997e-05
-7.97187408467e-05
-6.771207826427e-05
-5.37045016489e-05
-6.682768755305e-05
-5.255377089875e-05
-4.150135609881e-05
-5.37331473141e-05
-4.196716346834e-05
-3.481529208756e-05
-1.722897229371e-05
-2.701820500816e-05
-2.471612070457e-05
-3.243772102481e-05
-2.968783536811e-05
-3.593503470696e-05
-9.896617265931e-05
-0.000127297465715
-0.000193401082706
-0.0001927091023115
-0.0001932930528669
-0.0001939497260824
-0.0001953465132747
-0.0001948456503448
-0.0001913896182831
-0.0001928498154167
-6.082628390063e-06
-8.03546574467e-06
2.77334786348e-07
-1.492888744922e-05
1.165239283178e-05
-1.356022072384e-05
-2.223344906859e-05
8.311521658891e-06
5.994391445926e-06
4.543225056628e-06
-2.420580040657e-06
1.06300847717e-05
9.15805280044e-07
-0.0001917987780615
-0.0001935012723323
6.813657070801e-05
9.723146125197e-05
0.0001002276913485
0.0001176211135219
9.802145780246e-05
8.280099625449e-05
1.854843383112e-05
-0.0001968866135064
-0.0001987306790577
-0.0002007062622999
-4.765549428266e-06
              0
-1.557500472061e-08
-1.840959645574e-07
-1.222169282988e-07
-3.406520630966e-07
-6.109923768183e-07
-3.30124394531e-06
              0
-1.665823847974e-06
-2.699547774377e-06
-7.982375984732e-06
-1.786188238834e-05
-1.753253664605e-05
-2.79587325036e-05
-7.090533323873e-05
-1.947433142346e-08
-1.188067928786e-07
-1.816071373821e-07
-3.127599814715e-07
-1.713729115561e-07
-0.0001886538203584
-0.0001858862008903
-0.000185843471065
-0.0001861640410329
-0.0001855001923846
-0.0001847497475422
-0.0001853315504421
-0.0001850063765636
-5.971620274386e-06
-0.0001465320767465
-0.0001096371241491
-8.182824896168e-06
-5.562852191854e-06
-8.677670458497e-05
-5.534185136468e-05
-0.0001172070123221
-8.60960971488e-05
-5.850209640616e-05
-4.669414000849e-05
-2.295231066216e-05
-1.384378791002e-05
-3.754958418854e-05
-0.000211979201342
-0.0002186071333027
-0.0002117477240316
-0.000238066130324
-0.0002301940177869
-0.0001894473367093
-0.0001903933507113
-0.0001894393449814
-0.0001909581576548
-0.000189646172378
-0.0001914617062811
-0.000188744608546
-0.0001903071665551
-0.0001907853297121
-0.000191675631207
-0.0001922905621472
-0.0001889741084524
-0.0001877827101696
-0.0001895484972367
-0.0001883756589604
-0.0001879392364962
-0.0001901350532189
-0.0001905488026612
-0.0001900032170662
-0.0001891772620618
-0.0001871502793713
-0.0001883742567986
-0.000189871294661
-0.0001874076375056
-0.0001869781338179
-0.0001863230632911
-0.000186414762584
-0.0001887778024562
-0.0001900519800785
-0.0001876567562313
-0.00018591246951
-0.0001872235138818
-0.0001881475199021
-0.0001879800209694
-0.0001852775055212
-5.611634643479e-05
-2.060195794758e-05
-2.090325362444e-05
-2.284069230445e-05
-2.038383896133e-05
-0.0002029641965941
-0.0001808278716172
-0.000180949876374
-0.0001806467647005
-0.0001807917087833
-0.0001810097045895
-0.0001803458891735
-5.099120668305e-05
-0.0001809727454312
-0.0001808911506009
-0.0001810688650143
-0.0001814082959123
-0.000181281194584
-0.000181236565711
-0.0001815555371526
-0.0001810699546217
-0.000181357607932
-0.0001817542731173
-0.0001811099650313
-0.0001825009469876
-0.0001821545767085
-0.0001819797096321
-0.000182530911018
-0.0001833090270709
-0.0001829658368765
-0.000181633931402
-0.0001824914063615
-0.0001821473317489
-0.0001829763554251
-0.0001833848734846
-0.0001840425153724
-0.0001840474656983
-0.0001829618629094
-0.0001832984714826
-0.0001841911531332
-0.0001845014901763
-0.000184590305111
-0.0001851623791755
-0.0001839896274912
-0.0001837582706477
-3.708890141023e-06
-2.004710185562e-05
-5.858421526857e-05
-4.426367773725e-05
-4.586840361131e-05
-2.903121478167e-05
-0.0001913518358894
-0.0001922119189924
-1.072121532425e-05
-1.065853852562e-05
-1.925652614253e-05
1.33970852097e-06
5.966325590007e-05
-3.947027634923e-06
-9.449736688653e-06
1.180173712662e-05
4.054739213526e-06
8.686071943167e-07
1.661921867877e-05
8.766264270572e-06
-2.899838890491e-06
-5.440968655968e-06
7.204830457163e-06
2.81016720809e-06
3.629095784577e-05
-2.362743385615e-06
1.415444459176e-05
7.364332959946e-06
3.59466902781e-05
2.095103756715e-06
8.608404407322e-06
2.754279377832e-05
2.438867814723e-05
4.393706908392e-05
3.628915237326e-05
3.34915632872e-05
5.861545907246e-05
1.860575143757e-05
-9.843745606675e-07
-7.556709898356e-07
-6.993292951063e-07
-1.037441816472e-06
-4.719616936176e-07
              0
-6.346522124617e-05
-4.517178631018e-05
-8.042603914492e-05
-9.308903634901e-05
-0.000124916318122
-9.415490658808e-05
-0.0001275653083127
-0.0001281025660739
-3.148596001235e-05
-1.611614369452e-05
-6.324565554107e-05
-6.846671037536e-05
-4.593219789821e-05
-9.184782836668e-06
              0
-8.596951799187e-05
-0.000125842219119
-4.001180812686e-05
-0.0001187963158482
-4.995459809881e-07
-0.0001864098359314
-0.0001640401163314
-0.0001205022578979
-0.0001891384221505
-0.0001895500255853
-0.0001896351628478
-0.0001863627502775
-1.873982320831e-05
-1.706859906335e-05
-1.398810739799e-05
-1.519430321008e-05
-1.427149233895e-05
-1.598905039714e-05
-1.71403948359e-05
-0.0001808547373598
-0.0001150471722289
-0.0001822540657896
-0.0001854241286536
-0.0001857483463545
-5.654854294009e-06
-5.060935885956e-05
-4.668753804268e-05
-3.487233636209e-05
-4.645572640823e-05
4.524409477442e-05
-1.044378231167e-05
4.492143037494e-06
2.536108291422e-05
1.75813164844e-05
2.532021635596e-05
6.940511755325e-05
7.140862887215e-05
5.283808404271e-05
-2.761924565502e-05
-0.0001639448657161
-0.0001265211590609
-4.770363811388e-05
-3.292726319036e-05
-4.61712528443e-05
-1.185604425048e-05
-0.000138704656372
-9.569096547205e-05
-6.517588796316e-05
-3.456858072147e-05
-1.784798937663e-05
-1.321952191135e-05
-1.683037276853e-05
-1.897914192768e-05
-0.0001859888808559
-0.0001862220855572
-3.780483935355e-05
-4.009323180257e-05
3.507885243853e-05
-6.780535197452e-06
-1.453082457637e-05
-1.439895475387e-05
-5.647236340629e-06
-0.0001438634771481
-1.500845444915e-06
-8.994674389161e-05
-3.995444613539e-05
-7.011898005478e-05
-9.604957564337e-05
-7.426673814275e-05
-9.78098118581e-05
-4.473791465062e-05
-0.0001091784146533
-1.418280199281e-05
-1.711258387729e-05
-1.555262818604e-05
-6.122015981547e-06
-7.014629783522e-06
3.242063339004e-06
-2.139163783921e-06
-2.164659080362e-06
-1.886772399201e-06
-2.370831947339e-06
-1.012912247146e-06
-1.439167289659e-06
-2.888461819031e-06
-3.601484310965e-06
-3.307134503594e-06
-3.721177542242e-06
-2.830250411986e-06
-2.709472927799e-06
-1.493506794233e-06
-9.038434470285e-07
-1.793098182386e-06
-1.48728578146e-06
-1.098774248972e-06
-1.139239258743e-06
-8.922396998579e-07
-6.884581504867e-07
-6.337297384352e-07
-1.22327914584e-06
-1.604176561299e-06
-1.514179162012e-06
-1.88441527223e-06
-1.21580668035e-06
-4.434607331434e-07
-8.542376964226e-07
-2.390745098954e-06
-3.398515085484e-06
-2.965459200632e-06
-3.256429463869e-06
-4.070930900258e-06
-2.430869200475e-06
-2.902163819044e-05
-8.446850899003e-05
-2.933800158359e-06
-3.404348203759e-05
-9.976441032713e-05
-0.0001406062768648
-0.000145088965276
-0.0001813365232278
-0.0001080052543784
-0.0001182379839407
-5.973187048677e-05
-0.0001456739030194
-8.9734135945e-05
-6.279822280982e-05
-0.0001378507753662
-3.275308417944e-05
-1.470054128455e-05
-1.048494924887e-05
-2.629799593842e-05
-4.682339664822e-05
-7.521380160742e-05
-0.0001310170473492
-4.551475461624e-05
-1.723066669089e-05
-9.6739033531e-05
-2.943265031943e-05
-7.513261653851e-05
-5.051624382037e-05
-0.0001295798432765
-7.707773066672e-05
-2.236345151184e-05
-5.59176954431e-05
-0.0001030748962559
-0.0001698151572783
-6.91220445927e-05
-0.0001391144243423
-1.212616970228e-05
-0.0001401694780146
-0.0001288173808356
-0.0001693489471326
-0.000165426357361
-9.913545136205e-05
-0.0001509721894967
-0.0001321220703145
-0.0001528812869056
-0.0001606084844001
-0.0001247864667022
-0.000100718542938
-9.987296687529e-05
-5.735964321492e-05
-0.0001045322954762
-6.150945445128e-05
-7.551309507952e-05
-4.044761598509e-05
-3.518001965748e-05
-0.0001713439908053
-0.0001528539190143
-0.0001322762632491
-0.0001035389411042
-1.304971144318e-05
-1.168401665604e-05
-1.266326983091e-05
-1.289897458241e-05
-1.142648216914e-05
-1.190580456508e-05
-9.651531327084e-06
-1.035618150975e-05
-8.866224990231e-06
-9.730838141603e-06
-9.688322990679e-05
-0.0001222827519301
-0.0001242679787432
-7.915359199374e-05
-3.404304109791e-05
-0.0001504896597103
-7.531493298495e-06
-0.0001121649708831
-0.000148663974248
-0.0001661950180694
-8.496844376837e-06
-8.766763548204e-06
-9.990146950699e-06
-8.180547123298e-06
-1.059023322747e-05
-9.431238306486e-05
-9.727894154206e-05
-0.0001028118032012
-7.754147341714e-05
-7.991497704753e-05
-8.80665070589e-05
-0.0001848611042155
-0.0001842922478902
-0.0001843760096336
-0.0001850148365331
-0.0001846752710765
4.722838467019e-05
8.311117504421e-05
4.446623212141e-05
3.551294071785e-05
-6.502802177016e-05
-3.240510133477e-05
-6.498495144057e-05
-9.108299911239e-05
-5.299617431619e-05
-3.90075894879e-05
-5.720565018047e-05
-4.880633974256e-05
-3.109001769495e-05
-5.744879367896e-05
-7.906113877943e-05
-0.0001197496557029
-2.855200989619e-05
-8.037767470064e-05
-6.045881117844e-05
-9.778674399793e-05
-0.0001340153796493
-0.0001418829862013
-0.000125180764322
-0.0001608759653245
-0.0001683439718289
-0.0001513532626963
-0.0001722485326985
-0.0001333747776602
-0.0001511101436709
-9.426634824887e-05
-0.0001010369470093
-0.0001523075449528
-0.0001253531814624
-0.000147224711499
-5.613409570601e-05
-8.335339026415e-05
-4.226582868862e-05
-3.484384188866e-05
-5.094846862428e-05
-8.782350007869e-05
-2.27867796288e-05
-1.770797288136e-05
-1.966525331154e-05
-1.767596538481e-05
-1.469204165875e-05
-1.592320011788e-05
-1.450188916625e-05
-1.213638481616e-05
-1.307217273486e-05
-1.986606003653e-05
-1.659545699005e-05
-1.782708983665e-05
-1.858108711899e-05
-1.551645945413e-05
-1.607953179241e-05
-1.300317976498e-05
-1.424131289482e-05
-0.0002301299019707
-1.40413548162e-05
-0.0001539007125155
-0.0001577520748908
-0.0001281250847596
-0.0001356061895493
-0.0001611885533271
-9.800296892642e-05
-7.681456854542e-05
-5.647599065522e-05
-9.700430864367e-05
-0.000124849936831
-0.0001558974075588
-1.655627928865e-05
-4.712780705771e-05
-4.657390335186e-05
-5.44423192703e-05
-6.109126633232e-05
-2.408572041304e-05
-7.033842535971e-05
-0.0001214342294664
-3.201377907074e-05
-7.40165576451e-05
-8.978780563638e-05
-0.0001063151627501
-0.000151188421993
-4.6524670515e-05
-0.0001541665395669
-0.0001400458432614
-4.387764464973e-05
-6.657816534961e-05
-7.695417000668e-06
-6.58542148164e-06
-0.0001271737647693
-6.881240689175e-05
-0.0001052469304025
-9.493380075235e-05
-6.664804090379e-06
-5.206739764158e-06
-0.0001374665219597
-5.806850746947e-06
-5.318116004556e-06
-0.0001714048212037
-0.0001896425609172
-0.0001810146212093
5.17686763957e-05
6.417227434173e-05
6.105748941965e-05
4.686750450371e-05
-2.55892181041e-05
-0.0001856934966713
-0.0001852203445917
-0.0001848107334426
-0.000184375914985
-0.0001839731548779
-0.0001835689209077
-0.000183790473174
-0.0001846624694969
3.467115874841e-05
-2.094988224369e-06
-1.550547721844e-06
-6.614886630584e-08
-4.61543232066e-06
-4.132429483353e-06
-4.697552465488e-06
-3.52845904895e-06
-6.682270616084e-06
-2.78783157488e-05
-2.493362689727e-05
-7.235880501583e-05
-1.033785979433e-05
-1.046016731303e-05
-1.142371372759e-05
-1.031923422388e-05
-8.552215338013e-06
-1.084882636894e-05
-1.189444692589e-05
-9.266088622949e-06
-9.428775728999e-06
-8.625117484787e-06
-8.243209550551e-06
-7.766331201637e-06
-9.108445158525e-06
-9.682084263762e-06
-8.162609234701e-06
-6.262637642103e-06
-8.476364758145e-06
-7.335819226167e-06
-7.806337661619e-06
-6.897965810484e-06
-6.867873622692e-06
-1.393432593538e-05
-1.522082262753e-05
-1.511143211464e-05
-0.0001461192349994
-0.0001391335836041
-0.0001096833047768
-0.0001599118488063
-0.0001693637175746
-0.0001553115217321
-0.000109605117017
-7.580233302421e-05
-9.529197527035e-05
-4.355288681643e-05
-6.130514160051e-06
-4.082344392809e-06
2.154266229705e-05
3.115890788768e-05
-1.22453047379e-06
-1.608830640108e-06
-2.259243315769e-06
-4.120866424502e-06
-4.677031561339e-06
-1.145485325299e-05
-1.132425102574e-05
-1.272584436294e-05
-1.205876640879e-05
-5.11681646973e-06
-4.572594774127e-06
-5.889152446194e-06
-5.708845138609e-06
-5.515909864541e-06
-6.153356788305e-06
-5.045329599926e-06
-6.988896676693e-06
-7.876327294469e-06
-6.743318407176e-06
-4.698647802227e-06
-4.161183733739e-06
-4.150606808677e-06
1.483691981556e-05
1.480628350479e-05
1.85365896157e-05
1.171230844861e-05
2.578030911514e-05
2.291444094596e-05
1.567738974982e-05
2.059239790145e-05
2.514641154878e-05
3.328827822555e-05
3.123989281155e-05
4.470824363867e-05
5.082514845331e-05
-1.254148492202e-06
-9.145046039893e-07
-1.730904894822e-06
-1.421210253468e-06
-1.595352958618e-06
-1.039516752136e-06
-1.789717443413e-06
-2.296207217947e-06
-1.990067097215e-06
-2.007021402994e-06
-3.136480137156e-06
-3.077741016152e-06
-2.594141200666e-06
-2.553089090916e-06
-3.007116937573e-06
-3.79093993443e-06
-2.59612949798e-06
-2.799719004544e-06
-3.33257581913e-06
-3.574481672031e-06
-3.725602052937e-06
-4.509124641971e-06
-4.413399734955e-06
-5.467114866033e-06
-5.209416433023e-06
-4.977984676046e-06
-5.741594162005e-06
-6.529620943631e-06
-7.248870825854e-06
-2.324159395215e-06
-1.921605136051e-06
-6.334093990909e-06
-1.058054205893e-05
-2.986904626542e-06
-5.989253959886e-06
3.36218573356e-05
0.0001360043225358
4.404490898553e-05
5.16155627615e-05
3.985360795447e-05
3.631310289231e-05
5.246567300779e-05
0.000114444445621
-1.479617361201e-05
-2.213985222056e-05
-2.318621399208e-05
-1.237796206734e-06
4.62982772948e-05
9.23737636629e-05
-2.360885610165e-07
2.707079685201e-05
4.12130279921e-05
7.372121412965e-05
-7.814195622533e-07
4.894990845942e-05
-1.234657603802e-05
8.538544453781e-05
8.824548248364e-05
5.697635278892e-05
5.081602454393e-06
3.352753489118e-05
4.100780772112e-05
4.522457163955e-05
5.422856012947e-05
4.187442650891e-05
6.888150845595e-05
6.261340454028e-05
-4.517758358184e-06
-7.212529485029e-06
5.781250537995e-05
-8.244197882817e-06
7.352710571608e-08
1.492658297859e-07
1.756740438156e-07
1.512703803789e-07
3.273199732576e-08
3.332156633526e-05
-9.913039871399e-07
1.077901061598e-05
-1.134822733167e-06
1.959967308114e-05
6.95384519626e-06
1.893803819366e-05
3.23410401037e-05
3.062955713165e-05
2.883847708564e-05
-1.379414804069e-07
-3.104209823154e-08
2.477239685896e-07
5.359234550283e-08
4.252067134576e-08
3.720006112469e-08
1.167648691993e-06
4.170258356933e-06
1.002072708077e-07
4.950385846655e-08
8.548644306913e-07
6.90461492057e-08
5.256095097525e-08
1.892119632657e-07
3.147434779032e-05
-2.735910979341e-07
1.797562092134e-05
1.271584735363e-05
9.472482492651e-06
-4.088620866098e-07
2.021412544488e-05
1.301687599688e-05
1.646387286067e-05
7.593977184142e-06
3.603359798114e-06
5.372763618656e-06
3.106634806541e-05
2.809881321477e-05
2.857709378187e-05
2.634492883907e-05
-1.287286530245e-08
-7.157863195983e-08
-5.752398619225e-09
5.431880366964e-07
1.172098023134e-07
9.387366241006e-07
1.468969024366e-06
3.543308001229e-06
6.281172324882e-06
4.697438451064e-06
1.125143541336e-06
6.633805904765e-07
1.613299918378e-05
2.219249604573e-05
1.862217447471e-05
7.73138915642e-06
2.336332535234e-05
1.374232364191e-05
1.056374742237e-05
4.069966300948e-06
2.594533166644e-06
2.416191959757e-05
2.318709298676e-08
3.522384390701e-08
2.582417131111e-06
2.597076938859e-05
1.772128271127e-06
3.624655140495e-05
-7.020419578531e-07
4.788385398169e-05
6.276559089942e-05
3.434253733349e-05
4.969863678522e-05
-3.919480134965e-06
3.569173660334e-05
2.136952938145e-07
2.700614992069e-07
3.160169716474e-07
1.550814409435e-05
1.266391272109e-06
1.541895712958e-05
1.710969699834e-05
5.17516193289e-06
8.62923536407e-06
1.011208390903e-05
2.125816070325e-06
2.778888179358e-05
3.094552991579e-05
3.966021382771e-05
1.397526681126e-05
3.751184278609e-05
2.016654441254e-06
8.260233926982e-07
1.851992809406e-05
1.409043166504e-06
1.982907270055e-06
5.911280072871e-06
3.868546308777e-07
-4.429379310623e-07
1.671975758332e-06
1.474383901135e-05
6.750515988941e-06
2.370341688485e-05
1.037701734662e-05
5.088918794596e-06
-7.319849398699e-07
