              0
8.422193230141e-13
3.221778055904e-12
6.621276372312e-12
1.183223216311e-11
1.814267474405e-11
2.59692014027e-11
3.524476012315e-11
4.626539525433e-11
5.773663787329e-11
7.105273715501e-11
8.505162030651e-11
1.006991083352e-10
1.175549189761e-10
1.346983527049e-10
1.53107541874e-10
1.727393327512e-10
1.922196685285e-10
2.128694779145e-10
2.337526701977e-10
2.553224972627e-10
2.775136485258e-10
2.992043242452e-10
3.218635149026e-10
3.449249385013e-10
3.669506171008e-10
3.891854705029e-10
4.113518552224e-10
4.324204489754e-10
4.538147377925e-10
4.742958354761e-10
4.946530329772e-10
5.145643416535e-10
5.333222593981e-10
5.521951016946e-10
5.696656359918e-10
5.863166206069e-10
6.014995860585e-10
6.156914737499e-10
6.280620235637e-10
6.394454789279e-10
6.497998803211e-10
6.587091882303e-10
6.667009597526e-10
6.72722247749e-10
6.774268511728e-10
6.805938456088e-10
6.818438947629e-10
6.806323826879e-10
6.772647553272e-10
6.72580598881e-10
6.660070182384e-10
6.579982824631e-10
6.485276077852e-10
6.377816633619e-10
6.254506477459e-10
6.126047529045e-10
5.983760006987e-10
5.833685537553e-10
5.668422339865e-10
5.496376758948e-10
5.311708290347e-10
5.115945209709e-10
4.916642098456e-10
4.71786415181e-10
4.505660021536e-10
4.295209818308e-10
4.072301898933e-10
3.849945089985e-10
3.632370636947e-10
3.407245043754e-10
3.18731689046e-10
2.973538167044e-10
2.751467408836e-10
2.538195958279e-10
2.322045886422e-10
2.108603743917e-10
1.904505286108e-10
1.711289754784e-10
1.520342426927e-10
1.341294930565e-10
1.162000635163e-10
9.980965880902e-11
8.440143375841e-11
7.02642064525e-11
5.730866367521e-11
4.599239067818e-11
3.552471943946e-11
2.688212612092e-11
1.884279411571e-11
1.210531321805e-11
6.711081576032e-12
3.091013984862e-12
7.12162175858e-13
              0
              0
              0
              0
              0
              0
              0
              0
              0
              0
              0
              0
              0
              0
              0
              0
              0
              0
              0
              0
              0
              0
              0
              0
              0
              0
              0
              0
              0
              0
              0
              0
              0
              0
              0
              0
              0
              0
              0
              0
              0
              0
              0
              0
              0
              0
              0
              0
              0
              0
              0
              0
              0
              0
              0
              0
              0
              0
              0
              0
3.836941128198e-14
4.042528627461e-11
1.482360942517e-10
3.064010743703e-10
4.800960740204e-10
6.485811163208e-10
8.049977211695e-10
9.453516379753e-10
1.070794762101e-09
1.181352954207e-09
1.278337815503e-09
1.363360059338e-09
1.435874962431e-09
1.497783939984e-09
1.547982098065e-09
1.588838315152e-09
1.619978973768e-09
1.641380246352e-09
1.652922562181e-09
1.653094776569e-09
1.642984563102e-09
1.627148712389e-09
1.616972158642e-09
1.663797244918e-09
1.85726924804e-09
2.027996147564e-09
2.185547749753e-09
2.31793209099e-09
2.427093400078e-09
2.514479331789e-09
2.583042308558e-09
2.63520956044e-09
2.671249140639e-09
2.693342945802e-09
2.700529859034e-09
2.700496366241e-09
2.692788960452e-09
2.670147757725e-09
2.63273292096e-09
2.580447247448e-09
2.511014849786e-09
2.42270387245e-09
2.31360695284e-09
2.179355467072e-09
2.022774395241e-09
1.85001044476e-09
1.65772098092e-09
1.609999452645e-09
1.620684179358e-09
1.637016408855e-09
1.647292198161e-09
1.647349620866e-09
1.635160897019e-09
1.612989354538e-09
1.580877336389e-09
1.539037500182e-09
1.486943365504e-09
1.425052745761e-09
1.35230444015e-09
1.268500856331e-09
1.172176086472e-09
1.064313382713e-09
9.407172186999e-10
8.022483724875e-10
6.482749107812e-10
4.822717593214e-10
3.07972386914e-10
1.49817921426e-10
4.103101750473e-11
3.90261861557e-14
1.140693629534e-08
1.112055189322e-08
1.021882216313e-08
8.785214072853e-09
7.498160014093e-09
6.53561014856e-09
5.808242588004e-09
5.234129310163e-09
4.64667558268e-09
5.246539419964e-09
5.67232212338e-09
5.996995698832e-09
6.229629664389e-09
6.380833628045e-09
6.460670485571e-09
6.481219806643e-09
6.459130249114e-09
6.402519132642e-09
6.322162645167e-09
6.224074690253e-09
6.112818237969e-09
5.993161057873e-09
5.866447163803e-09
5.733734444681e-09
5.59139591273e-09
5.430074476054e-09
5.189960773998e-09
5.469470954109e-09
5.652657347737e-09
5.799972176981e-09
5.917661648119e-09
6.011316704572e-09
6.079348479847e-09
6.120598185238e-09
6.133997109377e-09
6.133996012787e-09
6.120440253807e-09
6.078074442569e-09
6.009903468449e-09
5.916590863866e-09
5.798125099179e-09
5.651463352273e-09
5.46872518378e-09
5.183723795602e-09
5.428497962976e-09
5.590374210136e-09
5.733003119849e-09
5.865886216162e-09
5.99227538042e-09
6.112205989234e-09
6.223822139784e-09
6.322720459507e-09
6.402539792739e-09
6.460837476115e-09
6.481916988147e-09
6.461630742785e-09
6.382647194028e-09
6.234188095001e-09
6.001911658095e-09
5.672028871781e-09
5.247611419273e-09
4.655114918014e-09
5.234493501469e-09
5.804052399704e-09
6.530620170183e-09
7.492822531733e-09
8.785229106511e-09
1.023578289389e-08
1.111842991435e-08
1.140787321737e-08
3.994988213279e-13
1.575744286567e-12
5.429854321552e-12
1.201788707673e-11
3.09407121379e-11
6.101048236068e-11
9.983679024112e-11
2.396427628006e-10
4.243635009488e-10
6.64039642982e-10
9.593082541479e-10
1.32136499405e-09
1.736535335361e-09
2.201406790819e-09
2.733556509707e-09
3.313407841709e-09
3.969895025012e-09
4.682003523603e-09
5.450469769842e-09
6.287587081184e-09
7.177899960922e-09
8.136240484569e-09
9.161757207945e-09
1.026153160993e-08
1.140773375239e-08
1.167227353769e-08
1.181054153691e-08
1.193720689499e-08
1.203708400306e-08
1.210237879397e-08
1.215011910745e-08
1.217928470386e-08
1.215407966977e-08
1.210079384588e-08
1.199886396582e-08
1.187018492324e-08
1.171806726375e-08
1.1570560415e-08
1.14254612875e-08
1.128267046604e-08
1.114464745641e-08
1.101145326521e-08
1.088005918797e-08
1.075368492735e-08
1.063039317599e-08
1.051186715501e-08
1.039536773061e-08
1.028343859612e-08
1.017543007838e-08
1.007082634263e-08
9.970328945559e-09
9.870853483374e-09
9.775121547569e-09
9.682622659874e-09
9.592926716276e-09
9.506539204904e-09
9.42105649542e-09
9.33889750905e-09
9.25964436079e-09
9.182021188461e-09
9.10729941341e-09
9.034438450122e-09
8.96329062693e-09
8.894940638924e-09
8.827772828934e-09
8.762529471019e-09
8.698907330259e-09
8.636754937705e-09
8.576376716014e-09
8.516896950456e-09
8.459490289045e-09
8.403187233139e-09
8.347854544471e-09
8.293923375628e-09
8.241291693585e-09
8.189812572477e-09
8.139396602252e-09
8.090177508273e-09
8.041776980433e-09
7.994332399182e-09
7.948049036646e-09
7.902522917547e-09
7.858125434982e-09
7.814407229718e-09
7.771343538541e-09
7.729180969488e-09
7.68777948674e-09
7.647096048127e-09
7.607216673349e-09
7.568075818079e-09
7.529670811389e-09
7.491675007972e-09
7.45434741122e-09
7.417698706234e-09
7.381591762525e-09
7.346141260615e-09
7.311016777957e-09
7.276675887903e-09
7.242747605047e-09
7.209211829314e-09
7.176379512267e-09
7.144058493573e-09
7.111973790742e-09
7.080452667429e-09
7.049497583166e-09
7.018763343968e-09
6.988440515696e-09
6.958703497657e-09
6.929429826994e-09
6.900478540396e-09
6.871841809494e-09
6.843732394259e-09
6.815921355775e-09
6.78854248489e-09
6.761534154425e-09
6.734917903615e-09
6.708637315668e-09
6.682706107537e-09
6.657128701316e-09
6.631965301425e-09
6.607273293319e-09
6.582683057146e-09
6.558558245503e-09
6.534801729066e-09
6.511477342484e-09
6.488586549632e-09
6.465791194817e-09
6.443418716559e-09
6.421426647134e-09
6.399764647787e-09
6.378432535157e-09
6.357645561436e-09
6.336992635038e-09
6.316878720345e-09
6.297060976998e-09
6.277502853477e-09
6.258383453815e-09
6.239704063997e-09
6.221183480009e-09
6.203029838882e-09
6.185203155878e-09
6.16786157775e-09
6.150688856019e-09
6.13400244059e-09
5.960115124928e-09
5.785904952626e-09
5.610800211989e-09
5.43498058323e-09
5.25845019223e-09
5.081405745131e-09
4.903154737326e-09
4.72429859225e-09
4.544612957434e-09
4.363912634631e-09
4.18272177254e-09
4.000129737549e-09
3.816967271247e-09
3.633234502203e-09
3.448338097158e-09
3.262903627152e-09
3.076282241292e-09
2.888633555946e-09
2.70051502538e-09
2.68267285508e-09
2.66503784139e-09
2.647524247584e-09
2.630219899218e-09
2.61303573196e-09
2.59600170134e-09
2.579086654295e-09
2.562392815662e-09
2.545820532529e-09
2.52939640114e-09
2.513117965545e-09
2.49711489668e-09
2.481139917836e-09
2.465439261013e-09
2.44987650329e-09
2.434472308631e-09
2.419101027703e-09
2.403894388946e-09
2.388825635745e-09
2.373987463601e-09
2.359259743597e-09
2.344762304972e-09
2.33039887973e-09
2.316179556784e-09
2.302073555842e-09
2.288167703629e-09
2.274388711836e-09
2.260776077714e-09
2.24732528783e-09
2.233978480046e-09
2.22080875042e-09
2.207731647936e-09
2.194839887938e-09
2.182133850137e-09
2.169505503836e-09
2.157050302308e-09
2.144713228e-09
2.132498809481e-09
2.120394460849e-09
2.108429845122e-09
2.096673870029e-09
2.085050156706e-09
2.07355115658e-09
2.062132415459e-09
2.050859962352e-09
2.039758784234e-09
2.028749913554e-09
2.017882577104e-09
2.007141236894e-09
1.996521448281e-09
1.986025552407e-09
1.975620544613e-09
1.96535791366e-09
1.955186457487e-09
1.945127989172e-09
1.935183273218e-09
1.925327420383e-09
1.915604031622e-09
1.90596933414e-09
1.896443267878e-09
1.887025439942e-09
1.877690974623e-09
1.868489098726e-09
1.859376049558e-09
1.850341476073e-09
1.841417628439e-09
1.832605318647e-09
1.823857848801e-09
1.815212827177e-09
1.806670783998e-09
1.798188763046e-09
1.789813949901e-09
1.781530271225e-09
1.773316980609e-09
1.765171309559e-09
1.757111010964e-09
1.749159676922e-09
1.741264971734e-09
1.733430504982e-09
1.725690739288e-09
1.718012149994e-09
1.710426208126e-09
1.702933064833e-09
1.69550347552e-09
1.688141133153e-09
1.680828913526e-09
1.673592579009e-09
1.66640799017e-09
1.659296305944e-09
1.652263962314e-09
1.645260003961e-09
1.638331415608e-09
1.631471587412e-09
1.624681192897e-09
1.61796713399e-09
1.611281925181e-09
1.604674215957e-09
1.598130801288e-09
1.591654645772e-09
1.585239699682e-09
1.57887606215e-09
1.572569997192e-09
1.566297320074e-09
1.560094930925e-09
1.553940247185e-09
1.547836651323e-09
1.541794911742e-09
1.535815915888e-09
1.529899892651e-09
1.524039199904e-09
1.51822791826e-09
1.512483990196e-09
1.50680155961e-09
1.501173703212e-09
1.495590019972e-09
1.490050276011e-09
1.484568069564e-09
1.479131264973e-09
1.473745420887e-09
1.468397930055e-09
1.463087592493e-09
1.457820610191e-09
1.452576185157e-09
1.447373033267e-09
1.442211213904e-09
1.437061598907e-09
1.431951357008e-09
1.426874951374e-09
1.42182154715e-09
1.416810962848e-09
1.411824071843e-09
1.40687144677e-09
1.401958084364e-09
1.397066383342e-09
1.392207915748e-09
1.387389729077e-09
1.382597962581e-09
1.377845098301e-09
1.373110948587e-09
1.368409994755e-09
1.363746238637e-09
1.359091848174e-09
1.35447214263e-09
1.349869303311e-09
1.345293717617e-09
1.340748848112e-09
1.336216895716e-09
1.331709233336e-09
1.327239445858e-09
1.322799337441e-09
1.31838191569e-09
1.313988246421e-09
1.309628771177e-09
1.305309450212e-09
1.301032885461e-09
1.296787066743e-09
1.2925798006e-09
1.288404072396e-09
1.284266107439e-09
1.280162754331e-09
1.276089561039e-09
1.272049770376e-09
1.268030544235e-09
1.264038450584e-09
1.260071021096e-09
1.256137099572e-09
1.252227659908e-09
1.248346937669e-09
1.244494316082e-09
1.240662081286e-09
1.236860667907e-09
1.23307999564e-09
1.229317371791e-09
1.225580469552e-09
1.221859163004e-09
1.218162343276e-09
1.21449155097e-09
1.210848611493e-09
1.207236022424e-09
1.203634269308e-09
1.200061754619e-09
1.196515928294e-09
1.19299309376e-09
1.189496268968e-09
1.186014314927e-09
1.182553597367e-09
1.179114637836e-09
1.175699971557e-09
1.172309786515e-09
1.168934917161e-09
1.165582041119e-09
1.162248293085e-09
1.15893795634e-09
1.155646422892e-09
1.152377310549e-09
1.149130644748e-09
1.145894552136e-09
1.142678832076e-09
1.139474277378e-09
1.136294480929e-09
1.133139469806e-09
1.129998470802e-09
1.126884696468e-09
1.123787981821e-09
1.120712708118e-09
1.117658942029e-09
1.114618668568e-09
1.111596498932e-09
1.108593233625e-09
1.105601167566e-09
1.102625634506e-09
1.099668481678e-09
1.096719520418e-09
1.093783413662e-09
1.090862775708e-09
1.087962675802e-09
1.085075181977e-09
1.082199291438e-09
1.079344368195e-09
1.076501074686e-09
1.073678415701e-09
1.07087641258e-09
1.068084985371e-09
1.065310704303e-09
1.062552427141e-09
1.059812409497e-09
1.057092065819e-09
1.054384693377e-09
1.051695089635e-09
1.049023132579e-09
1.046363619542e-09
1.043721751926e-09
1.041098479217e-09
1.03849085958e-09
1.035893957958e-09
1.033306789109e-09
1.030731265146e-09
1.028173595614e-09
1.025626090792e-09
1.023093115657e-09
1.020569664894e-09
1.018055185595e-09
1.015556065815e-09
1.013063921416e-09
1.010585298716e-09
1.008118697724e-09
1.005659437048e-09
1.003212115771e-09
1.000770952439e-09
9.983439672969e-10
9.959311743041e-10
9.935264401325e-10
9.911386935045e-10
9.88758749656e-10
9.863942967451e-10
9.840453495315e-10
9.817049855034e-10
9.793798486313e-10
9.770656523555e-10
9.747659136282e-10
9.724745595082e-10
9.70196250368e-10
9.679323574564e-10
9.656776460069e-10
9.634342470431e-10
9.61199308637e-10
9.589776086147e-10
9.567665938769e-10
9.5456749071e-10
9.523748523205e-10
9.501881817062e-10
9.480130619624e-10
9.458450083118e-10
9.43687678382e-10
9.415366502941e-10
9.393921055533e-10
9.372592333924e-10
9.351316968773e-10
9.330139876242e-10
9.309061149421e-10
9.288031973658e-10
9.267111555986e-10
9.246269535634e-10
9.225505478656e-10
9.20485899587e-10
9.18430341751e-10
9.163861995421e-10
9.143498662577e-10
9.123247157432e-10
9.103118930344e-10
9.083070276942e-10
9.063113596256e-10
9.04323328952e-10
9.023478804109e-10
9.003800167633e-10
8.984208735383e-10
8.964703966112e-10
8.945263002876e-10
8.925921931454e-10
8.906696990061e-10
8.887561331118e-10
8.868473393656e-10
8.849471075076e-10
8.83055445301e-10
8.811700276382e-10
8.792910774347e-10
8.774207461856e-10
8.755580394965e-10
8.737012098005e-10
8.718534540216e-10
8.700131031533e-10
8.681823455251e-10
8.663607488703e-10
8.645460400359e-10
8.627380234244e-10
8.609388454864e-10
8.59149100927e-10
8.573674920891e-10
8.555917660828e-10
8.538213348742e-10
8.520592251023e-10
8.503018964476e-10
8.485509272543e-10
8.468072155567e-10
8.450669454954e-10
8.433349172726e-10
8.41607171629e-10
8.398836958956e-10
8.381672539384e-10
8.36457099045e-10
8.347538590296e-10
8.330545161216e-10
8.31361520534e-10
8.296738081411e-10
8.279934990544e-10
8.263205994111e-10
8.246519505902e-10
8.229907585411e-10
8.213337194152e-10
8.196837818977e-10
8.180409518312e-10
8.164038375697e-10
8.147742408836e-10
8.131482634053e-10
8.11528422529e-10
8.099157593896e-10
8.083097655092e-10
8.067076520808e-10
8.051102537077e-10
8.035184363651e-10
8.019309878848e-10
8.003479216922e-10
7.987673775853e-10
7.971917200133e-10
7.956206653024e-10
7.940550287379e-10
7.924963214972e-10
7.909416903297e-10
7.893933014187e-10
7.878520308913e-10
7.86313039402e-10
7.847808043308e-10
7.832553309363e-10
7.817325514203e-10
7.802162669293e-10
7.787049979628e-10
7.771962941527e-10
7.756934365815e-10
7.741951260585e-10
7.72703335822e-10
7.712180708645e-10
7.69734554068e-10
7.682567917646e-10
7.667832287227e-10
7.653156000359e-10
7.63853910262e-10
7.623955524414e-10
7.609435511208e-10
7.594975877956e-10
7.580557100799e-10
7.566176346926e-10
7.551855525995e-10
7.537584492213e-10
7.523373976423e-10
7.509205313255e-10
7.495080434483e-10
7.481027571557e-10
7.46703007129e-10
7.453089109381e-10
7.439211857659e-10
7.425388228892e-10
7.411620670682e-10
7.397916525606e-10
7.384264751499e-10
7.370676880751e-10
7.357125131744e-10
7.343624192228e-10
7.330174597291e-10
7.316769813908e-10
7.303424575603e-10
7.290149667117e-10
7.276928899295e-10
7.263751279747e-10
7.250615143162e-10
7.237526595032e-10
7.224500881441e-10
7.211525685196e-10
7.198581978552e-10
7.185692452969e-10
7.172851232375e-10
7.160059657583e-10
7.14732371442e-10
7.134606975151e-10
7.121946678305e-10
7.109342863586e-10
7.096754856117e-10
7.084217820513e-10
7.071721803132e-10
7.059281284798e-10
7.046890985725e-10
7.034551878164e-10
7.02225700059e-10
7.010010149652e-10
6.997819320037e-10
6.985671326585e-10
6.973569117496e-10
6.96151350164e-10
6.949504120366e-10
6.937554577996e-10
6.925659849217e-10
6.913800073866e-10
6.901991104768e-10
6.890240470668e-10
6.878530788893e-10
6.866860592223e-10
6.855256990878e-10
6.843683011319e-10
6.832170163421e-10
6.82071442682e-10
1.664408158543e-09
3.156193933133e-09
5.080841765068e-09
1.670369068351e-09
3.161545029574e-09
5.083466790604e-09
2.37421444672e-09
2.371578623584e-09
2.365593791373e-09
2.355366368114e-09
2.341020012713e-09
2.322516027862e-09
2.299846645628e-09
2.272968815467e-09
2.24214231865e-09
2.207126633386e-09
2.168139554972e-09
2.124819022335e-09
2.07783987179e-09
2.036012203435e-09
1.996433901447e-09
1.957867598303e-09
1.921620144787e-09
1.885959962269e-09
1.919954203378e-09
1.951150317645e-09
1.980327010312e-09
2.006752888145e-09
2.030175550692e-09
2.050718772243e-09
2.068297676417e-09
2.082712782987e-09
2.094148415163e-09
2.102284663313e-09
2.107184995062e-09
2.109060013758e-09
2.109041447058e-09
2.10684235379e-09
2.101487707149e-09
2.092784865538e-09
2.080883147578e-09
2.066046809164e-09
2.048022263361e-09
2.027062961706e-09
2.003270069803e-09
1.977060959933e-09
1.947692903096e-09
1.916284644002e-09
1.882292295461e-09
1.917538612686e-09
1.954138696783e-09
1.992117970817e-09
2.032090737859e-09
2.07394436472e-09
2.121210180323e-09
2.164764976351e-09
2.204037590824e-09
2.239366365322e-09
2.270697004374e-09
2.297839296572e-09
2.320637609347e-09
2.339583058404e-09
2.354163146532e-09
2.36490915059e-09
2.371409280217e-09
2.374197808417e-09
1.167184324766e-08
1.16402841573e-08
1.156773018894e-08
1.143484752644e-08
1.127296324182e-08
1.10441881245e-08
1.073568550269e-08
1.039276383942e-08
9.980576720066e-09
9.513866349159e-09
9.71275776563e-09
9.853774933846e-09
9.921912974605e-09
9.939353172981e-09
9.877541018571e-09
1.031410385758e-08
1.070195229004e-08
1.106929943266e-08
1.12995821873e-08
1.151968845827e-08
1.165857442623e-08
1.178528586912e-08
1.184513400281e-08
1.187035949931e-08
1.187040668606e-08
1.184547208932e-08
1.178564254512e-08
1.16594253308e-08
1.152137858431e-08
1.130396299513e-08
1.107475652531e-08
1.069906340134e-08
1.032220659133e-08
9.874177844359e-09
9.94965458643e-09
9.941207675877e-09
9.847052016708e-09
9.711201266784e-09
9.513518956006e-09
9.985117510131e-09
1.040313664763e-08
1.074483802077e-08
1.105004675312e-08
1.127535068652e-08
1.143553991224e-08
1.156834858699e-08
1.16401050198e-08
1.167251647199e-08
6.357647019164e-09
6.355152802233e-09
6.350099287761e-09
6.342296069636e-09
6.331702723231e-09
6.29128178571e-09
6.252256757241e-09
6.214678503396e-09
6.177972938247e-09
6.142448354782e-09
6.153669073968e-09
6.160945905024e-09
6.165753716658e-09
6.167860911401e-09
6.167855852515e-09
6.16568766505e-09
6.160812676846e-09
6.153465737982e-09
6.142107395006e-09
6.177709237747e-09
6.214284216423e-09
6.252099005382e-09
6.291057497696e-09
6.331388989813e-09
6.342206416306e-09
6.349950149596e-09
6.355144319426e-09
6.357641396531e-09
2.665029741178e-09
2.664034326763e-09
2.661428344999e-09
2.657488876215e-09
2.651747069742e-09
2.617068526042e-09
2.583022386803e-09
2.549552137604e-09
2.516794502859e-09
2.484588942546e-09
2.489738878231e-09
2.493333982583e-09
2.495897221267e-09
2.497121577433e-09
2.497107193875e-09
2.49572823496e-09
2.493034992794e-09
2.489144019861e-09
2.483709327633e-09
2.515958350212e-09
2.54873896465e-09
2.58220464076e-09
2.61626312451e-09
2.650957304319e-09
2.656904630951e-09
2.661066344238e-09
2.663802095953e-09
2.665039185338e-09
1.63462898923e-09
1.628915774126e-09
1.639138352786e-09
1.633102033998e-09
1.640988565255e-09
1.635083257168e-09
              0
              0
              0
              0
              0
              0
              0
              0
              0
              0
              0
              0
              0
6.064757096186e-13
8.282419331462e-13
1.640057417836e-09
1.641987374831e-09
1.634090672342e-09
              0
              0
1.153202508133e-08
1.082790690509e-08
1.174347321065e-08
1.193897088413e-08
1.179397799647e-08
5.352480551977e-09
4.957615123488e-09
              0
              0
6.36800024028e-09
6.347280824039e-09
6.176496373306e-09
6.142275717036e-09
6.15924589569e-09
6.047130732487e-09
2.691565177818e-09
2.794661538823e-09
2.656265300877e-09
2.673834533206e-09
2.505097331795e-09
2.381388707771e-09
2.489108389802e-09
5.351012941422e-09
4.966533116232e-09
1.636050802701e-09
2.36660401225e-09
6.816212189961e-10
6.815682864587e-10
2.024477384049e-12
7.113578260942e-12
              0
              0
1.146831614617e-08
1.160044872888e-08
5.285344110945e-09
              0
              0
5.282848656059e-09
6.818212696988e-10
6.818068439981e-10
7.498585462862e-12
              0
              0
5.244595678423e-09
              0
              0
5.24377096665e-09
6.818590326968e-10
6.818528175401e-10
              0
              0
5.217565156065e-09
              0
              0
5.214908140217e-09
6.818585410019e-10
6.818578421506e-10
              0
              0
              0
              0
6.818533908054e-10
6.818534436479e-10
              0
              0
              0
              0
6.818491500994e-10
6.818492511679e-10
2.114392996046e-09
2.10254045251e-09
2.10252098775e-09
4.141838858218e-12
3.616740902836e-13
1.163256141633e-11
4.950552173778e-13
1.182097005971e-11
6.825162693465e-10
6.825168608902e-10
3.606225644841e-11
4.294015374918e-11
1.803106676151e-09
1.623369633175e-09
2.410630792576e-09
1.796900182009e-09
1.616773617518e-09
2.402994527136e-09
2.048129241001e-11
1.630160847315e-09
1.631918806631e-09
1.61903642482e-09
1.625178529525e-09
1.132432625923e-08
1.132514898448e-08
1.166064093976e-08
1.176756651024e-08
1.196331616208e-08
1.196132970314e-08
1.17507153904e-08
1.17505233074e-08
5.362023934121e-09
4.003768442333e-09
6.372438546926e-09
6.372469197475e-09
6.341390115255e-09
6.341379649703e-09
6.180170164858e-09
6.18020365956e-09
6.130295911339e-09
6.130195992543e-09
6.154238857555e-09
6.154272991197e-09
6.132827846013e-09
6.132856421239e-09
3.169425445206e-09
3.16953896916e-09
2.674345248202e-09
2.677823724837e-09
2.651484388806e-09
2.664702871218e-09
2.508752918944e-09
2.508676182095e-09
2.384771423568e-09
2.384497712883e-09
2.484680452659e-09
2.484786423057e-09
5.360632924016e-09
3.997004883027e-09
2.373398545272e-09
2.373267655931e-09
1.063789375272e-08
1.053681646723e-08
4.482576006531e-09
4.476733190966e-09
2.10853732125e-09
2.108304657507e-09
5.113224501586e-09
1.138106943883e-08
1.138148767989e-08
5.291254893276e-09
6.025363675874e-09
6.003259340392e-09
2.699812093514e-09
2.700012058352e-09
5.288369965443e-09
1.155999172421e-08
1.155637403469e-08
2.10892335978e-09
2.091926721841e-09
5.276293895452e-09
4.880365491799e-09
4.685762203275e-09
5.245381067659e-09
4.876552818593e-09
4.678434155874e-09
2.114961325749e-09
2.108793142048e-09
5.261586973483e-09
2.092510573458e-09
2.11727602844e-09
3.743315220318e-12
3.805374807657e-12
1.607995958052e-09
1.627795507666e-09
1.612182707619e-09
1.11372844222e-12
1.132572910078e-12
4.888155170724e-13
3.680887547368e-13
1.891738814205e-12
3.075605472486e-12
3.108721540284e-12
1.926484045889e-12
6.837812037636e-10
6.837870479154e-10
6.146195018066e-09
2.121467563054e-09
6.14282040467e-09
2.651797836265e-09
1.177624063284e-08
9.530704791769e-09
3.591190252515e-09
3.588878434497e-09
1.214515908545e-08
1.214488546352e-08
1.104540917718e-08
1.104609131984e-08
9.898046043053e-09
7.622059352723e-09
8.849493714512e-09
8.595903691856e-09
8.058233402849e-09
7.505814277079e-09
7.124839564018e-09
7.030918476529e-09
6.772569318213e-09
6.719139019018e-09
6.544412727376e-09
6.544304515406e-09
6.246636632096e-09
6.246701750548e-09
5.168360428596e-09
4.991520149471e-09
4.090986349637e-09
3.724847277384e-09
2.586243563217e-09
2.569681473324e-09
1.872505956541e-09
2.307967846238e-09
2.294236486455e-09
2.213258193815e-09
2.187749732823e-09
2.149867028218e-09
2.044663980938e-09
2.033277278694e-09
1.929419117411e-09
1.419530273948e-09
1.810219714903e-09
1.744676846838e-09
1.68396359082e-09
1.620797213058e-09
1.556888212874e-09
1.423739838054e-09
1.281977243058e-09
1.282067289908e-09
1.044952019774e-09
1.157204954935e-09
1.157112126169e-09
1.061073553448e-09
9.851363289214e-10
9.735296793389e-10
9.255960026214e-10
9.15319724223e-10
8.726778516437e-10
8.672669318974e-10
8.304046907331e-10
8.271878497811e-10
7.947272458394e-10
7.933125167755e-10
7.645055478205e-10
7.64595389271e-10
7.405101421916e-10
7.390038375808e-10
7.217955329962e-10
7.20451868717e-10
7.077781845032e-10
7.052624531711e-10
5.204901253762e-10
7.864660328031e-10
6.954981038814e-10
6.907783310474e-10
6.883966105368e-10
2.034553344863e-09
2.027905041503e-09
5.714568856449e-11
2.292226009384e-10
1.198513823144e-08
1.2133149857e-08
1.213274656551e-08
1.148560511972e-08
1.148533055837e-08
6.430139865413e-09
6.409798500645e-09
6.306224344625e-09
6.306194489763e-09
6.211273935088e-09
6.211316293131e-09
2.698671698823e-09
3.355044791399e-09
2.621129227198e-09
2.537229909398e-09
2.537166081853e-09
2.425633891002e-09
2.411246539924e-09
2.457174984323e-09
2.457379142385e-09
2.337269733402e-09
2.337136660648e-09
7.598156550718e-09
8.599699291671e-09
4.7335955799e-09
5.377588269249e-09
4.739507145121e-09
2.06713862495e-09
6.860956962774e-10
5.697771063359e-09
2.150439078981e-09
5.69758899233e-09
2.621144474332e-09
1.1977134917e-08
9.370155059596e-09
9.631137263992e-09
9.997469992883e-09
3.007354422671e-09
4.278763201469e-09
5.797517830401e-09
4.292866674698e-09
2.980572918812e-09
1.212291001978e-08
1.212439611027e-08
1.120439948341e-08
1.093559471888e-08
1.042684908267e-08
1.080035753645e-08
1.120315435493e-08
1.011031134501e-08
9.81557848276e-09
9.447245155202e-09
7.359677828015e-09
7.506090717821e-09
7.585904562218e-09
7.665829766669e-09
7.829955603905e-09
9.057301189515e-09
8.924902208963e-09
8.791653330264e-09
8.537109147694e-09
8.664486290762e-09
8.916639911317e-09
8.207306559709e-09
8.422612800467e-09
8.543150644836e-09
8.260365276808e-09
8.112437106605e-09
8.015764383733e-09
7.830356877401e-09
7.662270860506e-09
7.547435010552e-09
7.471579329404e-09
7.325041032925e-09
6.941106802133e-09
7.03119385853e-09
7.095209045899e-09
7.159226850475e-09
7.157018259493e-09
7.094293274772e-09
7.002532769555e-09
6.883322922608e-09
6.667391998035e-09
6.747516933355e-09
6.801201719926e-09
6.747421378998e-09
6.694874888819e-09
6.52236625864e-09
6.617050804574e-09
6.569796276402e-09
6.474957290839e-09
6.522347146945e-09
6.569765902941e-09
6.267170382242e-09
6.267203552424e-09
5.346374695172e-09
4.992110825125e-09
4.454052272549e-09
4.813808559125e-09
5.169903294898e-09
3.908414339599e-09
4.453533723901e-09
3.540662596206e-09
3.908516629241e-09
2.570281522946e-09
2.587199761403e-09
1.854564167448e-09
1.88216973297e-09
1.919949885404e-09
2.294696728707e-09
2.267123098195e-09
2.308846631027e-09
2.200903363403e-09
2.252967751551e-09
2.22699320009e-09
2.175619674277e-09
2.20102048523e-09
2.138247709775e-09
2.162870783138e-09
2.023017973995e-09
2.056255826899e-09
2.044962526295e-09
2.022978234918e-09
1.979899234111e-09
1.949638586291e-09
1.920152589476e-09
1.881718852167e-09
1.399751327786e-09
1.409556934516e-09
1.424496141448e-09
1.44487370969e-09
1.83636393675e-09
1.819265108351e-09
1.802176956853e-09
1.768709915947e-09
1.729206103234e-09
1.752957229981e-09
1.78530133333e-09
1.721442972543e-09
1.698927867975e-09
1.677017761922e-09
1.648384452136e-09
1.607659934053e-09
1.627883456055e-09
1.655408415918e-09
1.601141640033e-09
1.575667520396e-09
1.563206075129e-09
1.550893314655e-09
1.526726258612e-09
1.470669808249e-09
1.444294541689e-09
1.43411401255e-09
1.419016010254e-09
1.398847005788e-09
1.338131165728e-09
1.307147335641e-09
1.29438297183e-09
1.286232983277e-09
1.278041964172e-09
1.261861983071e-09
1.257921713686e-09
1.269947984741e-09
1.278092856124e-09
1.286306252944e-09
1.303046791519e-09
1.009218554017e-09
1.02677998721e-09
1.037123674812e-09
1.042383929725e-09
1.047664939208e-09
1.058347215168e-09
1.160582611194e-09
1.153990699263e-09
1.140950726933e-09
1.205344712762e-09
1.177367383708e-09
1.106943425502e-09
1.134572729522e-09
1.147411112736e-09
1.153953071109e-09
1.160520494356e-09
1.173779301043e-09
1.063895846583e-09
1.058417664295e-09
1.047583795863e-09
1.09813956358e-09
1.0777892458e-09
9.875536645011e-10
9.828508601881e-10
9.735613292599e-10
1.014292612394e-09
9.970826696593e-10
9.447038828726e-10
9.599870730224e-10
9.667037330774e-10
9.712989596436e-10
9.758849540005e-10
9.851417896986e-10
9.235601400708e-10
9.152856975469e-10
9.468857214915e-10
9.36139475087e-10
9.29816564588e-10
8.916063931231e-10
9.033050467666e-10
9.092757836435e-10
9.133265937077e-10
9.173968436012e-10
9.256229386509e-10
8.74588697196e-10
8.708909045067e-10
8.63535828765e-10
8.934788840425e-10
8.820292918681e-10
8.476995318433e-10
8.582674467265e-10
8.636528469144e-10
8.691059738147e-10
8.764829916686e-10
8.321566302587e-10
8.287812275895e-10
8.220408354211e-10
8.45840043779e-10
8.107747272795e-10
8.189064367945e-10
8.238564595697e-10
8.28859160668e-10
8.356351032786e-10
7.963559699759e-10
7.93223242612e-10
7.869680503668e-10
8.073889944978e-10
7.794988834986e-10
7.871259490415e-10
7.902030706779e-10
7.948653180308e-10
8.01175972638e-10
7.660141331054e-10
7.630886921423e-10
7.572522019053e-10
7.748517830613e-10
7.530787199601e-10
7.587925533704e-10
7.61684004803e-10
7.66063086204e-10
7.719797155672e-10
7.310256708133e-10
7.364287207947e-10
7.391352729187e-10
7.418770090261e-10
7.404278683521e-10
7.376983441942e-10
7.322563330547e-10
7.473025977136e-10
7.153547623205e-10
7.192124969834e-10
7.231066968841e-10
7.217776753478e-10
7.19192922049e-10
7.140554478156e-10
7.003903364586e-10
7.040564504241e-10
7.065464193888e-10
7.090423871347e-10
7.065342957021e-10
7.040531418648e-10
3.011889185193e-10
7.790555005515e-10
5.411064718374e-10
1.490633663696e-09
6.943291842729e-10
6.991202377176e-10
6.967303107475e-10
6.896089425823e-10
6.919742732132e-10
6.872513479654e-10
6.907601504201e-10
1.786797782913e-09
1.78067661063e-09
6.409855721321e-09
6.453793263267e-09
3.540656504599e-09
2.698373651659e-09
2.411067133251e-09
8.622893871775e-09
6.68477365593e-09
4.600046753088e-09
9.213391320076e-09
9.811908488182e-09
1.01150679422e-08
1.921112163654e-09
6.708329942044e-09
1.067698757486e-08
1.033056651036e-08
1.055642707584e-08
9.62815538913e-09
9.373525761891e-09
7.255704853581e-09
7.327095227248e-09
7.398338841363e-09
7.471518483432e-09
7.747205962716e-09
7.878092187048e-09
9.138742439927e-09
8.662315428216e-09
8.484242443191e-09
8.78893613026e-09
8.993059528375e-09
8.265127657335e-09
8.059386662746e-09
8.161893577828e-09
8.372673718007e-09
8.317855975951e-09
8.213542479656e-09
7.922006280617e-09
7.790927860817e-09
7.625679365673e-09
7.706878910338e-09
7.397608595924e-09
7.292461879661e-09
6.972478699985e-09
6.884490791224e-09
7.19152850477e-09
6.942494366148e-09
6.85681284612e-09
6.694923683259e-09
6.643675600466e-09
6.800856653478e-09
6.643705431835e-09
6.453896745305e-09
4.273239031906e-09
1.82779169261e-09
1.900933265889e-09
1.930110051542e-09
1.970012097747e-09
2.240278291403e-09
2.267190086331e-09
2.001595654748e-09
2.001295549015e-09
1.970126233027e-09
1.900797869129e-09
1.872824672324e-09
1.352250523757e-09
1.375665049033e-09
1.390012313669e-09
1.434654161075e-09
1.450049220618e-09
1.470949661836e-09
1.845611586814e-09
1.785300533806e-09
1.760946875507e-09
1.69888085412e-09
1.713945036403e-09
1.769011121776e-09
1.793883190378e-09
1.737145199571e-09
1.714078466708e-09
1.662614911287e-09
1.641687454603e-09
1.575126247536e-09
1.594590931461e-09
1.641547013089e-09
1.662721053057e-09
1.621046521242e-09
1.607910774653e-09
1.594865521451e-09
1.582084004472e-09
1.538739612472e-09
1.521057707199e-09
1.498010048096e-09
1.481608713368e-09
1.46555168266e-09
1.449750745344e-09
1.40890815567e-09
1.394321434859e-09
1.374905239953e-09
1.356371495848e-09
1.347316656837e-09
1.333814470866e-09
1.320282232648e-09
1.311675170056e-09
1.303040529808e-09
1.269910332946e-09
1.258044382554e-09
1.242505190733e-09
1.21610270733e-09
1.238523568988e-09
1.250159166057e-09
1.261997360916e-09
1.294620134161e-09
1.307453075823e-09
1.324968227979e-09
9.97033143561e-10
1.004352225607e-09
1.011767570289e-09
1.01918652192e-09
1.024307993773e-09
1.029413627275e-09
1.034575086345e-09
1.052984935571e-09
1.061148361357e-09
1.072197996618e-09
1.167246946471e-09
1.14745112118e-09
1.137845772981e-09
1.125261787353e-09
1.219955463917e-09
1.212635531801e-09
1.201832064052e-09
1.187688276057e-09
1.180834178615e-09
1.174011761943e-09
1.089317159028e-09
1.098073528175e-09
1.10405512503e-09
1.110033653179e-09
1.122079198855e-09
1.128336351662e-09
1.137836660487e-09
1.14425047053e-09
1.167125859875e-09
1.177313582566e-09
1.191041784098e-09
1.06941613461e-09
1.052982272102e-09
1.045003960364e-09
1.034513453102e-09
1.110055238827e-09
1.104091613575e-09
1.095234930778e-09
1.086397494016e-09
1.080721199851e-09
1.075046386719e-09
9.922966482957e-10
9.781881546886e-10
9.713212536984e-10
9.622829094555e-10
1.011832594876e-09
1.024327959706e-09
1.019303332669e-09
1.004433585989e-09
9.995493616805e-10
9.361440366443e-10
9.404274379099e-10
9.469056095826e-10
9.53392670644e-10
9.57833844377e-10
9.622747511477e-10
9.80495457708e-10
9.875451230278e-10
9.194128018485e-10
9.133048780979e-10
9.05235889611e-10
9.447506821153e-10
9.534287558411e-10
9.490883269735e-10
9.340544254748e-10
9.383057849131e-10
8.839855188499e-10
8.897131683572e-10
8.935545961862e-10
8.993887380591e-10
9.053092546002e-10
9.214944387476e-10
9.27740996325e-10
8.783002921623e-10
8.672053898444e-10
8.617906400819e-10
8.546025504589e-10
8.915950483864e-10
8.993196260853e-10
8.954641026142e-10
8.858438110916e-10
8.424940882751e-10
8.459565766457e-10
8.494440824994e-10
8.547262437354e-10
8.600583034954e-10
8.727835813301e-10
8.783622077008e-10
8.372047640242e-10
8.254069658165e-10
8.204498442752e-10
8.493607822371e-10
8.441517767552e-10
8.059545516541e-10
8.091472724876e-10
8.123735109511e-10
8.172548873482e-10
8.2054177087e-10
8.322380617769e-10
8.373365796643e-10
8.01045503811e-10
7.900903479339e-10
7.854925089527e-10
8.138343038574e-10
8.106337854774e-10
8.0585298693e-10
7.764754795705e-10
7.810022237742e-10
7.855770087148e-10
7.980128556248e-10
8.0275156324e-10
7.689427318627e-10
7.601660949563e-10
7.558604679874e-10
7.793580864343e-10
7.763984858126e-10
7.734057575381e-10
7.474318751638e-10
7.502416009204e-10
7.544945106146e-10
7.573542108568e-10
7.690137202986e-10
7.73469255265e-10
7.270424708863e-10
7.296932820519e-10
7.323667154468e-10
7.350635128323e-10
7.446446550225e-10
7.431602835504e-10
7.349717944805e-10
7.309690826094e-10
7.515289691515e-10
7.487574656939e-10
7.459589423793e-10
7.128204724796e-10
7.166446376796e-10
7.256492081316e-10
7.166171765137e-10
7.128106022152e-10
6.967494917909e-10
6.991785134593e-10
7.016158811257e-10
7.090296510436e-10
7.015805172587e-10
6.943540161456e-10
1.64900531988e-09
1.643243756494e-09
1.0326044873e-08
7.22465666044e-09
7.96775821947e-09
1.819417995828e-09
1.836891584954e-09
1.94994007819e-09
1.980692928221e-09
1.338496051144e-09
1.347647501699e-09
1.356865036305e-09
1.37088590204e-09
1.380378046621e-09
1.460478032545e-09
1.476412883434e-09
1.498137768832e-09
1.684337970973e-09
1.538281768054e-09
1.556471431197e-09
1.569180791675e-09
1.581825542392e-09
1.628004161907e-09
1.509477725621e-09
1.492671402686e-09
1.384574776934e-09
1.370501926793e-09
1.361210751758e-09
1.324884577767e-09
1.250233893811e-09
1.23874844831e-09
1.205213183952e-09
1.212577133851e-09
1.219908031502e-09
1.231045846151e-09
1.242482890211e-09
1.316166239396e-09
1.329489395785e-09
9.946902154401e-10
9.995148565286e-10
1.016751097044e-09
1.06665047728e-09
1.075061090943e-09
1.131518160521e-09
1.122233283861e-09
1.227443751165e-09
1.19472745835e-09
1.083594337876e-09
1.092282326369e-09
1.116036943502e-09
1.18415302644e-09
1.194672359578e-09
1.039737128768e-09
1.031995479408e-09
1.113100801867e-09
1.089375545158e-09
9.667883931984e-10
9.600836106304e-10
1.026894370819e-09
1.006900259905e-09
9.340550542701e-10
9.512521814741e-10
9.092594297336e-10
9.033000230228e-10
9.556586520384e-10
8.821172228351e-10
8.859008787561e-10
8.581895165601e-10
8.528923024094e-10
8.407675821009e-10
8.389747372585e-10
8.355554857085e-10
8.171380302545e-10
8.026780421858e-10
7.995117707541e-10
7.82421201657e-10
7.257281251336e-10
7.283027337865e-10
7.53001706528e-10
7.243780727145e-10
1.788693665322e-09
1.782940471147e-09
1.487211208355e-09
1.50389689859e-09
1.52067199537e-09
1.532647255091e-09
1.544594253277e-09
1.201761942211e-09
1.515201105682e-09
1.566362664812e-09
2.363593434321e-09
2.362689800298e-09
1.14671170599e-08
3.910594203695e-09
3.915292901749e-09
4.383790167536e-09
1.625691463854e-09
4.522294725883e-09
4.516698515585e-09
5.393640359897e-09
2.180329408748e-09
2.073070601367e-09
1.230971812163e-10
2.315436927569e-09
6.882217357126e-10
6.852752613624e-10
6.928686665745e-10
6.484646026791e-09
5.354361737871e-09
1.142471813337e-09
9.229478315345e-09
9.061649819172e-09
8.385030013507e-09
6.830132115631e-09
7.236299315025e-09
6.602967675201e-09
2.215802417953e-09
1.858272911259e-09
1.751061536516e-09
1.457152961935e-09
9.414385365042e-10
8.957943487525e-10
8.892391559664e-10
8.515088366772e-10
8.148239560496e-10
7.83307132395e-10
7.715440661331e-10
7.104969004804e-10
7.11263032296e-10
1.806017197243e-09
1.363829498703e-09
1.670827199788e-09
1.224038165335e-09
9.90998379873e-10
1.234197923975e-09
1.078311730977e-09
1.117562070318e-09
9.308280299965e-10
8.414468539649e-10
2.841395127148e-09
2.690430134164e-09
2.815906443464e-09
2.690229242878e-09
5.393909985652e-09
4.77915800843e-09
2.047729352261e-09
2.041311349622e-09
3.134915727625e-09
9.542911322264e-09
8.994966153561e-09
1.05447527636e-08
1.167268178376e-08
1.062060876453e-08
8.837470673755e-09
6.276625134224e-09
6.283928161345e-09
6.208205876611e-09
6.16569114337e-09
2.624344756664e-09
2.606403367464e-09
2.539219166213e-09
2.483191845865e-09
1.167663672422e-08
1.055786328386e-08
9.540686751027e-09
1.068833255699e-08
8.630641849504e-09
8.993142650937e-09
6.236531817986e-09
6.283780524595e-09
6.208000259902e-09
6.140574689173e-09
2.623298188815e-09
2.605792317108e-09
2.538735170303e-09
2.481815210133e-09
1.201600269902e-08
1.192553154129e-08
1.201481849826e-08
1.122485337204e-08
1.122606150634e-08
9.958358105247e-09
2.452750142613e-10
1.020614036316e-08
1.002808832094e-08
7.083699582823e-09
1.950596609163e-09
1.409489068149e-09
1.699932742754e-09
1.432952861523e-09
9.305458910113e-10
8.625629681214e-10
8.229380283352e-10
7.901761677133e-10
7.616229643065e-10
7.184237249402e-10
9.662874063941e-09
9.574747423684e-09
7.699000389649e-09
8.63637212351e-09
8.698651147723e-09
7.913085267179e-09
7.394743868327e-09
1.846666785931e-09
1.893111692662e-09
2.004888945142e-09
2.002539339482e-09
1.902055025832e-09
1.786196661442e-09
1.719890279417e-09
1.762307994335e-09
1.664007298175e-09
1.596641865968e-09
1.635763722925e-09
1.540275960681e-09
1.482447160557e-09
1.346484768812e-09
1.27086319571e-09
1.247100113814e-09
1.291460918548e-09
1.002576508627e-09
1.051107628419e-09
1.148478679007e-09
1.212204168852e-09
1.127844776638e-09
1.164597695973e-09
1.053825184299e-09
1.103825907044e-09
9.906598360896e-10
9.789517177678e-10
1.019111417181e-09
9.402235510898e-10
9.788963179977e-10
9.200985219963e-10
9.201325139425e-10
8.77040484478e-10
8.677617923418e-10
8.716715160029e-10
8.259014876419e-10
8.499138179579e-10
8.313012327444e-10
7.905272771126e-10
8.103891554683e-10
7.756454099435e-10
7.606311929893e-10
7.502066423631e-10
7.353598106018e-10
7.170599847955e-10
7.0198696523e-10
6.936355033513e-10
7.911131658093e-09
1.941987287265e-09
1.457185177272e-09
1.5107282517e-09
1.38505906374e-09
1.251376212834e-09
1.313155650511e-09
1.06473501887e-09
1.132387609413e-09
1.181577229897e-09
1.040507135222e-09
9.676153554016e-10
9.099043148087e-10
8.58729269743e-10
7.828757480849e-10
7.287084568803e-10
2.533866999936e-09
2.531139633889e-09
1.483005559627e-09
1.580904475949e-09
3.675022103077e-09
3.680030320728e-09
1.560154402603e-09
9.258973044031e-09
6.722398103438e-09
2.257721536838e-09
8.986535353216e-09
6.254034732999e-09
6.144496706529e-09
2.55366077497e-09
9.216478650119e-09
6.293428522985e-09
6.215865774401e-09
2.552491821802e-09
1.191770854296e-08
1.059238089314e-08
1.081989988718e-08
1.082858776241e-08
1.061826721258e-08
9.860878509567e-09
1.050363635393e-08
1.019476109426e-08
6.94194624675e-09
1.388109082928e-09
1.431830655865e-09
1.409451968823e-09
7.971941743791e-10
7.682111476133e-10
1.719023625798e-09
1.195800155357e-09
1.113997831632e-09
8.175510595753e-10
7.439367941023e-10
9.098322554948e-09
1.03709867755e-08
2.42682433151e-09
2.425974246985e-09
1.05890458886e-11
3.732739841447e-11
3.75460305905e-11
1.084447372739e-11
6.419210618931e-09
6.46629749093e-09
2.223057796823e-09
2.689641609573e-10
4.096511505955e-09
6.555204351601e-09
2.587811934778e-09
2.171518496826e-09
9.49511689302e-10
8.891941433678e-10
8.948796139626e-10
8.456595006357e-10
8.081786481677e-10
7.062194494409e-10
1.343863106583e-09
1.21070090445e-09
4.758643749988e-09
5.255142326823e-09
8.932726034528e-09
8.151235716337e-09
1.827188262738e-09
8.351136237443e-10
6.959472248999e-10
7.753792598454e-10
1.483818932688e-09
6.891451746484e-10
3.493130211726e-09
7.287244130092e-10
7.258359963909e-09
2.052080003275e-09
1.606241724794e-09
1.541655175782e-09
1.310448236178e-09
1.021755336406e-09
1.167283778449e-09
1.069302953061e-09
9.557091062709e-10
9.055909120251e-10
7.486888739086e-10
7.42249108189e-10
6.94618123687e-09
6.797287735475e-09
1.092318946789e-09
9.892760185602e-09
6.419485332024e-09
1.548597467331e-09
1.52723188477e-09
1.563456397205e-09
1.299357438507e-09
1.081518998531e-09
9.628828067904e-10
7.059889002013e-09
6.317491845795e-09
1.559013299961e-09
2.230644187079e-09
2.590638226295e-09
2.252146580956e-09
6.120334303576e-09
2.589170051996e-09
1.452221925927e-09
8.715398685363e-09
8.951896507129e-09
6.894501571064e-09
5.087061684866e-09
5.24154559781e-09
1.513916185972e-09
9.273851974925e-09
9.547049496086e-09
1.924792573058e-09
2.223746948008e-09
2.363213752422e-09
2.070826748391e-09
2.197262553731e-09
2.398953978439e-09
2.154486125603e-09
2.067259805125e-09
2.220115400445e-09
1.827499760439e-09
2.228088745676e-09
2.219549747386e-09
1.119285743312e-08
2.404958135669e-09
1.119920282491e-08
2.411129396774e-09
2.420077200231e-09
1.952491068905e-09
1.906829866526e-09
2.044324188542e-09
8.19577274499e-09
1.554268288305e-09
2.315965394614e-09
8.191167797982e-09
1.406428957526e-09
1.12584137478e-09
8.07305768109e-10
7.504403913188e-10
2.291262681582e-09
2.155396458621e-09
6.655378276851e-09
5.815529836836e-10
4.08337367967e-09
4.256990381925e-09
7.408904379066e-09
2.014270270836e-09
1.80533239706e-09
1.523564819761e-09
1.079446000607e-09
1.513520857215e-09
7.984454334774e-10
6.814888464723e-09
6.801865412359e-09
1.891178533532e-09
1.995262663348e-09
2.157903188719e-09
2.288849412062e-09
2.406064506467e-09
2.130082928511e-09
2.024490408853e-09
2.0147673234e-09
2.110600400564e-09
2.265648537098e-09
2.125311013928e-09
2.156470339659e-09
2.321879722058e-09
2.293954470175e-09
2.220547967149e-09
2.218205883293e-09
2.123073405549e-09
2.078066656576e-09
2.151287508421e-09
2.011285485583e-09
2.020754317005e-09
2.154230058984e-09
1.919296853776e-09
1.910983927073e-09
1.845514400248e-09
2.033296659961e-09
2.687997745666e-09
2.02600115786e-09
2.627713402081e-09
2.359724218983e-09
1.947717114562e-09
2.013482692375e-09
1.969298614752e-09
1.963030775897e-09
1.885387680186e-09
8.270920071908e-09
1.580215812279e-09
2.277989839708e-09
8.101542121269e-09
4.433951830356e-09
7.321763229851e-09
2.276060491836e-09
6.569030001801e-09
6.678958493015e-09
2.022267938885e-09
1.968905487189e-09
2.049802198098e-09
1.852562751512e-09
1.881953681658e-09
1.55702143089e-09
1.398969000921e-09
3.177903447684e-10
              0
1.615159731533e-09
6.774910160968e-09
1.832686078455e-09
1.937534489504e-09
2.341472886996e-09
2.060986225437e-09
2.201908685253e-09
2.234663212658e-09
2.276931766817e-09
2.087366936122e-09
1.99055457022e-09
2.364475085153e-09
2.410862283673e-09
1.963481128374e-09
2.016356028505e-09
1.927491808465e-09
1.834029926718e-09
8.438455013401e-09
8.057609348203e-09
7.606201298401e-09
8.051354984742e-09
2.326389661653e-09
6.638367089096e-09
6.538232355124e-09
2.061052135467e-09
1.924138898756e-09
1.402254407026e-09
1.472544946229e-09
2.791893850733e-09
2.363781872781e-09
6.544660101993e-09
6.840318930164e-09
1.87110112399e-09
1.947227195466e-09
1.8823476265e-09
2.398182472868e-09
2.343880947284e-09
2.107963260386e-09
2.059635570527e-09
2.248208168956e-09
2.246858509483e-09
2.220913364262e-09
2.302330893496e-09
2.262092523107e-09
2.228513815929e-09
2.434200786147e-09
1.976078270862e-09
2.011810847575e-09
1.930223623932e-09
1.878955394668e-09
1.8703471527e-09
8.564820652791e-09
7.645398927937e-09
1.926812501095e-09
1.877102446715e-09
1.454891167713e-09
1.388321215031e-09
6.664792779999e-09
6.865118713472e-09
1.896006301022e-09
2.495766642776e-09
2.165958346664e-09
2.196269155145e-09
2.17630204651e-09
2.492429095078e-09
2.50769933954e-09
1.931605904653e-09
2.036546940216e-09
1.888202948367e-09
1.797859181216e-09
8.328574945944e-09
7.753000741872e-09
1.859793741729e-09
1.83891634319e-09
1.740858639862e-09
2.455987884122e-09
2.152847021807e-09
2.166308112337e-09
2.160870891542e-09
1.817220605314e-09
1.763505946479e-09
1.82591917206e-09
1.840912632064e-09
8.328672909272e-09
8.039026684837e-09
7.883433034944e-09
7.935477599577e-09
1.88331358897e-09
1.737186099959e-09
1.818056888396e-09
2.137367456098e-09
2.112616562994e-09
1.891403428427e-09
1.826773839686e-09
1.736428008008e-09
1.825711285286e-09
1.830473670077e-09
1.784854490053e-09
1.872987104468e-09
1.877018890167e-09
5.679560930705e-09
5.702107207136e-09
6.092232507588e-09
6.128354760072e-09
6.088096588082e-09
2.879912203266e-09
3.683966817631e-09
2.441609647056e-09
2.873720421277e-09
3.771347776963e-09
3.677503980912e-09
2.435204073103e-09
1.574050668685e-09
1.000265073353e-08
1.030566291386e-08
7.000714099091e-09
1.428733326784e-09
7.875908750685e-10
1.210663070918e-09
6.935163516453e-11
3.372051595089e-10
3.378229983516e-10
7.09234972203e-11
6.391654630477e-09
1.327907961219e-09
9.210098573639e-10
9.703524520201e-10
8.664129323682e-10
8.700056140653e-10
8.268069252236e-10
1.293114640776e-09
5.712043774813e-09
4.547154823721e-09
5.265994631466e-09
9.222223428237e-09
8.594459303937e-09
9.212916347273e-09
8.879460812176e-09
9.335063082217e-09
9.66235821705e-09
8.071757195076e-09
7.007306396981e-10
1.657320947328e-09
7.303226530488e-10
1.053348151808e-09
1.032743246951e-08
6.409237748271e-09
1.496909096259e-09
1.280008495288e-09
9.705039664649e-10
7.087869430018e-09
2.655077706005e-09
4.012967017397e-09
3.305775792366e-09
3.407633698719e-09
2.653585526624e-09
3.601234279883e-09
5.046039676527e-09
3.961402605725e-09
1.432611307991e-09
8.61711219268e-09
9.095146197635e-09
9.333033541072e-09
2.416723247035e-09
2.045618685953e-09
1.502520445309e-09
1.481266894582e-09
1.428551407991e-09
1.454617389203e-09
1.5053897292e-09
1.362402985374e-09
1.517879852966e-09
1.411829626572e-09
1.380356695719e-09
1.167242487058e-09
8.203445193418e-10
7.847137259033e-10
7.612919130054e-10
2.188585264824e-09
2.231104766395e-09
3.390034435377e-09
3.763065334178e-09
7.269886760067e-09
7.553037077516e-09
7.539843450557e-09
1.134951505518e-09
1.043318071015e-09
2.264018597391e-09
2.192563235108e-09
2.238648114524e-09
2.059690985482e-09
2.076592540827e-09
2.054064437512e-09
2.020761614861e-09
1.972730379361e-09
2.162087838802e-09
2.210839522336e-09
2.068557987809e-09
2.026541635901e-09
2.017192904734e-09
1.968979183646e-09
2.863199264339e-09
3.31889303648e-09
2.908356934581e-09
3.246866713573e-09
2.951910729128e-09
3.312251386486e-09
2.70993663778e-09
2.280705304058e-09
2.362641064784e-09
2.296904833508e-09
2.239763033185e-09
2.213556909428e-09
6.845575881289e-09
1.972912030764e-09
1.902412456319e-09
1.496309125404e-09
1.443832624951e-09
1.382017882044e-09
1.445416117082e-09
1.582984589363e-09
2.642957294639e-10
              0
1.140577012982e-09
2.06716018703e-09
2.037163826506e-09
2.075364197927e-09
2.054845254753e-09
1.995180324569e-09
1.986274109703e-09
2.025391264845e-09
1.938288408272e-09
7.189263662691e-09
6.499436653594e-09
6.41774341895e-09
1.010200217682e-09
1.984876038062e-09
2.049268388977e-09
2.563260883982e-09
2.581014064663e-09
2.473157720201e-09
2.508530310192e-09
2.405754353773e-09
2.438404309674e-09
2.363200231738e-09
2.608347842186e-09
2.520235852072e-09
2.461194711255e-09
2.495579714981e-09
2.570083327581e-09
2.522918395584e-09
2.176625355933e-09
2.123678777406e-09
2.104167465273e-09
1.739435344433e-09
7.835543606349e-09
7.702426370982e-09
7.751668027114e-09
7.5238509118e-09
7.848497175299e-09
1.91884570437e-09
1.861541478887e-09
1.778415348701e-09
1.658691288679e-09
1.709254867989e-09
1.664975019132e-09
5.531468774393e-09
5.567433085941e-09
6.180473261857e-09
6.020140230686e-09
1.653757877156e-09
1.54248287157e-09
3.440072469869e-09
2.921873324583e-09
4.593795380284e-09
4.479345402007e-09
5.513433573632e-09
1.648822304842e-09
2.916896119613e-09
3.025019215374e-09
3.230366450735e-09
3.249990533246e-09
1.519609846401e-09
1.020203996822e-08
6.57313176584e-09
1.511132020813e-09
1.391443593602e-09
3.962908321331e-11
1.358126926574e-10
1.363586306085e-10
4.043430577292e-11
6.529783012754e-09
6.326436914921e-09
9.137369531942e-10
9.83225341915e-10
8.620400564738e-10
4.308705613763e-09
5.268875132636e-09
9.142282652467e-09
9.524359826732e-09
9.532895660435e-09
1.761240426521e-09
7.372537077389e-10
7.101450602579e-09
2.684074801241e-09
3.418074675058e-09
1.48420973454e-09
2.393775313142e-09
3.775647057882e-09
1.467311669705e-09
1.499038317091e-09
9.215192395268e-09
8.85661073753e-09
9.614678040357e-09
9.264089414038e-09
7.992359380246e-09
9.737356167857e-09
9.296827569931e-09
9.168616672481e-09
7.156776454007e-09
7.395865472594e-09
7.234113408706e-09
2.221756295665e-09
2.300426299966e-09
1.965982680731e-09
2.084019920351e-09
2.110834077981e-09
1.973815156345e-09
2.123044746034e-09
2.104835696834e-09
1.970223782983e-09
2.214825364488e-09
6.861341703386e-09
1.557615810957e-09
2.128710133357e-09
6.158136933761e-09
2.509098086164e-09
2.443544062834e-09
1.763854492694e-09
5.587858377998e-09
5.56718569869e-09
4.13320139368e-09
4.853419393952e-09
5.772577903083e-09
4.330495331039e-09
5.695365043254e-09
5.831602117143e-09
5.637519712709e-09
5.571375900019e-09
5.699206713058e-09
5.729262091099e-09
5.967509755206e-09
4.311140265157e-09
5.164556538622e-09
5.930561263566e-09
2.826280950525e-09
4.468491815216e-09
2.408281183892e-09
3.286981990116e-09
1.648687152012e-09
2.735869546023e-09
5.083437266445e-09
4.259113758103e-09
4.884219112282e-09
3.92411427826e-09
5.085912266578e-09
4.217988704912e-09
5.08073587598e-09
2.401379827752e-09
1.955903154581e-09
3.806568701768e-09
1.572923114719e-09
1.494004959616e-09
1.589854647627e-09
1.519315391194e-09
6.603622981146e-09
1.492785033871e-09
6.468086592396e-09
6.263417655073e-09
6.359906161957e-09
6.226406995278e-09
6.440027176048e-09
6.258702398608e-09
6.17398850671e-09
6.175764613897e-09
3.616303806698e-09
4.749184470252e-09
6.047262689585e-09
5.266061328441e-09
9.073537568635e-09
4.377572807182e-09
1.694049952356e-09
              0
4.46581047792e-10
1.527010939158e-09
1.491195919332e-09
1.446489928639e-09
1.543063978057e-09
8.228591313676e-09
7.424420973394e-09
8.510306712017e-09
8.212902350384e-09
9.349042602753e-09
9.529501835798e-09
7.160786644727e-09
6.990526922219e-09
1.985898055477e-09
1.960561819435e-09
2.15112073865e-09
2.18455719624e-09
2.046395482157e-09
1.583080188429e-09
1.538306426994e-09
1.466219290955e-09
1.510410795723e-09
1.472546240801e-09
1.520955789857e-09
1.428732402725e-09
1.387102232714e-09
1.60932859428e-09
1.603718801001e-09
2.046329717996e-09
2.167207517593e-09
6.275137836479e-09
1.81449938359e-09
5.514065246026e-09
5.753311560998e-09
5.712730892206e-09
5.969580042166e-09
5.848462251328e-09
5.565074230889e-09
5.673473595017e-09
5.180496234799e-09
4.808118736298e-09
3.853850424492e-09
4.314816237224e-09
4.273695199468e-09
2.877072560386e-09
3.637078536459e-09
1.289334761658e-09
6.608566270476e-09
6.493696076167e-09
6.74030207687e-09
6.446815608418e-09
6.524361027039e-09
6.394215968709e-09
5.999484258041e-09
5.184680530722e-09
5.922300401261e-09
2.612665484824e-09
3.654167504167e-09
2.018475944549e-09
6.302264981279e-10
5.939640789621e-10
              0
7.595752405192e-09
6.977124298076e-09
6.877013215043e-09
6.976757268259e-09
7.096084501668e-09
6.772553187177e-09
6.916824203326e-09
6.988505673777e-09
6.848833660499e-09
6.760209046742e-09
2.034857000174e-09
1.992388956127e-09
2.083719469998e-09
1.891602937461e-09
1.822786568488e-09
1.780786806698e-09
1.744493448111e-09
1.82532858609e-09
1.980308257717e-09
1.912704202556e-09
1.934569734975e-09
1.801618199483e-09
1.982468265045e-09
1.864561907318e-09
1.973922015189e-09
1.770779841642e-09
1.96032377747e-09
1.835466565703e-09
1.766842175799e-09
1.856504100118e-09
1.881602804983e-09
2.096136290474e-09
2.123147156188e-09
6.329659036422e-09
6.382222033753e-09
6.29489096653e-09
6.460786120747e-09
5.664090719365e-09
5.788679339282e-09
5.927104789934e-09
5.845436545149e-09
5.828546677431e-09
6.097650301767e-09
4.699892500806e-09
3.912593650272e-09
3.695038135318e-09
4.455319902011e-09
4.770687072439e-09
5.369105977859e-09
5.481541916283e-09
3.62468409317e-09
4.297619684525e-09
3.623091119281e-09
3.4088919474e-09
1.401403143888e-09
6.714256143563e-09
6.882980291008e-09
6.389151192026e-09
6.286161352105e-09
6.309890735197e-09
6.423305332841e-09
5.892395274572e-09
5.863368478528e-09
6.030061490833e-09
5.937116561334e-09
5.925598724951e-09
2.669882949463e-09
2.936413217086e-10
1.459110338905e-09
2.083414190653e-09
2.116614696669e-09
2.158269145862e-09
2.235816727296e-09
2.108828850636e-09
1.917039721582e-09
1.890373720955e-09
1.900932200266e-09
1.582842267437e-09
6.228506711997e-09
6.105141577045e-09
6.181374641341e-09
6.201310397205e-09
6.516956164322e-09
6.382063828246e-09
5.818975033795e-09
5.8884891618e-09
6.001034132263e-09
6.211276068474e-09
4.874611150671e-09
4.622664728458e-09
4.778193270035e-09
4.485965104433e-09
4.885583752408e-09
4.878104181044e-09
4.730622919506e-09
1.461797337032e-09
1.450224828907e-09
1.411609556112e-09
6.688369911978e-09
7.054329020926e-09
6.788291950971e-09
6.854358794223e-09
6.422627157995e-09
2.029907977178e-09
1.987482809859e-09
1.675094664437e-09
6.184085634452e-09
6.117603692124e-09
6.10817774132e-09
5.943915985467e-09
6.221429387937e-09
4.99132556875e-09
3.605840242336e-09
5.128624675261e-09
4.052985285431e-09
1.357424738978e-09
1.381267094136e-09
1.333124137258e-09
6.988955818589e-09
7.185189803265e-09
7.018885850656e-09
6.709923666388e-09
7.108204720465e-09
6.600440822002e-09
1.72841757315e-09
1.665580285206e-09
6.000057530692e-09
6.137541722411e-09
6.045179079528e-09
6.00734045614e-09
6.036574573468e-09
6.204903889481e-09
4.208823567755e-09
4.061467907288e-09
1.156406073763e-09
1.354559744641e-09
1.228841098999e-09
1.25253453247e-09
6.39760736885e-09
7.024880314039e-09
6.700817602151e-09
1.725936254083e-09
5.921654160242e-09
5.930190647194e-09
4.322996264101e-09
6.531975611592e-09
6.970908151514e-09
6.846653412527e-09
1.760180791718e-09
1.662736642493e-09
3.603902146976e-09
6.59697550183e-09
6.68995826684e-09
6.926797521824e-09
1.763223363902e-09
1.838659367682e-09
1.707782832559e-09
1.711348224569e-09
1.558277833928e-09
1.629348461435e-09
1.605050869449e-09
1.607478633346e-09
1.511299043087e-09
1.547721983363e-09
1.567846308341e-09
4.039331626127e-09
2.925539921839e-09
6.568432898028e-09
6.934144390684e-09
6.801794701234e-09
6.733227253892e-09
6.806875615278e-09
1.653612001813e-09
3.549331740584e-09
2.641879921349e-09
6.596781478067e-09
6.696425988784e-09
6.598177601882e-09
6.956036357416e-09
1.694358665097e-09
6.480725695824e-09
6.227321203702e-09
6.340176109334e-09
6.443009499258e-09
6.497894650649e-09
6.936695226818e-09
1.717203889968e-09
6.182720917763e-09
6.339035335793e-09
6.234344283019e-09
6.222718983345e-09
6.28833106081e-09
6.314919355501e-09
6.331415016791e-09
6.442335009124e-09
6.08199674947e-09
5.960818051625e-09
5.980084562225e-09
6.107756275874e-09
6.093744565861e-09
6.124698321275e-09
8.102822024054e-09
4.45753370267e-09
6.425781151081e-09
5.415604575004e-09
5.799492667247e-09
5.34936746872e-09
8.379699942607e-09
8.0176365978e-09
8.456992092576e-09
8.494887983709e-09
8.184572856905e-09
2.683202316829e-09
9.983249967155e-09
6.661367267433e-09
1.075727879294e-08
7.20192120559e-09
2.145049190253e-09
2.140076449164e-09
2.104434545041e-09
1.870032812518e-09
1.906195115061e-09
6.068194153703e-09
1.75080475518e-09
2.138280178436e-09
1.96706364753e-09
1.912644053171e-09
1.866019044977e-09
1.808372065754e-09
1.755094207288e-09
1.412017511332e-09
1.254847010266e-09
6.679380332401e-09
2.208050030963e-09
1.777345296945e-09
1.751789123052e-09
1.68564392061e-09
1.730199978125e-09
2.108981051529e-11
1.745446322398e-10
8.802669991805e-10
2.000897299639e-10
2.024197453471e-10
8.933472045724e-10
2.22181922718e-11
1.773047066068e-10
8.895378812657e-09
8.706567524397e-09
8.665939733097e-09
7.720175938267e-09
7.837026353658e-09
8.176550051461e-09
8.280211994569e-09
8.46568890218e-09
8.353898330107e-09
8.06442073698e-09
7.706512798794e-09
7.937442801565e-09
8.160151435623e-09
7.996266031754e-09
7.908840970084e-09
6.970653650472e-09
8.307048459964e-09
8.337363972039e-09
8.416676484223e-09
7.378518822726e-09
7.322446503656e-09
8.625598014088e-09
8.245580255699e-09
7.616519795936e-09
7.541374284454e-09
7.191641859928e-09
7.399039259406e-09
7.497854568849e-09
7.169769403846e-09
7.658942680043e-09
7.275365022956e-09
6.704165158594e-09
6.969503398135e-09
6.543183948283e-09
6.833448342851e-09
7.036991183305e-09
7.018205713599e-09
7.545931576429e-09
7.752982972469e-09
7.879436047946e-09
7.730046174142e-09
8.055202764954e-09
7.704982335097e-09
7.914224251338e-09
7.505103979338e-09
7.735674415339e-09
7.817634868595e-09
7.519279794816e-09
7.672529482743e-09
7.411435761338e-09
7.453240461765e-09
7.857067445713e-09
7.995652681421e-09
7.950652458072e-09
7.193789758221e-09
7.611011971483e-09
7.66539824702e-09
7.370775061823e-09
7.281770628905e-09
7.272205685855e-09
6.797402017224e-09
7.016825580241e-09
7.140900378525e-09
7.71656846799e-09
7.792904045021e-09
7.807330486832e-09
7.625727820858e-09
7.702087447299e-09
7.542317623342e-09
7.548391469324e-09
7.428984663637e-09
7.211156588546e-09
7.145936188364e-09
7.112588077316e-09
7.216622250889e-09
7.292408860509e-09
7.133752409741e-09
6.926329549379e-10
3.345350218767e-09
6.264107555156e-09
3.945913740616e-09
4.666217086932e-09
1.076456435908e-08
6.812171059659e-09
2.75248553035e-09
6.801409509173e-09
8.491544376862e-09
1.461824629563e-09
1.341890436572e-09
1.569414899174e-09
1.581573214111e-09
1.615785814182e-09
1.576849007242e-09
1.539988358569e-09
2.143677921119e-09
7.69527129831e-09
3.421980404658e-09
2.531592520122e-09
3.0495484055e-09
3.04721638233e-09
2.604096083491e-09
2.104544030412e-09
2.085005836612e-09
2.071576969069e-09
2.026327920312e-09
1.906441789558e-09
2.161236599148e-09
1.937168752628e-09
              0
2.503776065684e-09
2.416846987162e-09
2.338519781919e-09
2.43319713565e-09
2.368760432885e-09
2.292788038661e-09
2.44662293874e-09
2.319795320968e-09
2.402232596947e-09
2.353088214578e-09
2.311590938657e-09
2.27576258649e-09
2.469304523422e-09
4.051797879321e-09
3.225412322206e-09
2.451958064093e-09
2.277687431933e-09
2.370265581973e-09
3.023482459422e-09
3.752507990043e-09
2.199879600726e-09
2.243408163195e-09
2.370741883854e-09
2.922888547495e-09
2.484619420333e-09
3.774717050211e-09
3.576429584389e-09
3.692194096921e-09
4.618643555407e-09
3.160914599919e-09
3.143168240286e-09
3.987317205057e-09
1.606349862558e-09
7.611036879104e-09
8.092017120983e-09
8.297388888785e-09
8.215404198182e-09
7.994663559694e-09
8.344233106744e-09
8.561175669805e-09
8.835908512845e-09
9.062146205382e-09
8.868237022671e-09
8.760384837122e-09
8.446096587783e-09
7.864639937357e-09
7.692034575317e-09
8.56282734136e-09
8.710043101935e-09
7.791231381377e-09
7.944031012924e-09
7.440568604472e-09
7.828439708642e-09
7.611393946509e-09
7.445087316375e-09
7.835135401728e-09
8.128851257567e-09
7.317534738877e-09
8.107151265272e-09
7.555365417166e-09
7.61127485786e-09
7.316030500736e-09
7.812865718123e-09
7.422002417889e-09
7.590793856518e-09
6.862957128804e-09
7.098991274735e-09
7.688997261259e-09
7.390377009668e-09
7.541473224935e-09
7.423997116511e-09
7.144405353304e-09
7.357747633138e-09
7.201805887987e-09
7.302203258319e-09
7.313888599164e-09
7.198991240616e-09
7.229602092448e-09
7.47420779075e-09
7.251654618774e-09
7.125549668329e-09
7.324988777611e-09
6.827648893675e-09
6.969582224774e-09
6.708003023188e-09
7.052854400897e-09
6.912036522175e-09
7.029988843237e-09
1.733353472686e-09
1.530189640831e-09
1.56561870569e-09
1.469130850921e-09
1.403626840076e-09
1.420898875263e-09
1.481297846895e-09
1.266573633166e-09
1.497101799637e-09
1.484197593542e-09
1.34244530143e-09
1.461189271079e-09
1.360680535078e-09
1.317297572365e-09
1.118685417336e-09
6.581806415793e-09
6.53148166899e-09
6.628265818863e-09
5.797880533784e-09
5.861851784906e-09
1.982125894018e-09
1.589278094322e-09
6.052490304387e-09
6.129955941017e-09
6.082386375174e-09
6.169721688388e-09
6.155583362812e-09
5.966200938634e-09
6.053157815882e-09
5.966814965435e-09
6.008774174648e-09
6.041899134054e-09
5.931024743055e-09
6.527243066273e-09
7.477888806048e-09
7.684799631592e-09
7.325419007171e-09
6.527268307846e-09
6.870061146803e-09
7.872307376512e-09
8.02977973731e-09
6.497201147371e-09
6.933335985558e-09
6.91052006346e-09
6.536810696646e-09
6.812183249414e-09
5.964081093895e-09
6.233272663746e-09
6.261513432192e-09
5.982067982957e-09
6.949336623191e-09
6.561478623463e-09
7.073806529968e-09
5.945457043758e-09
6.264030527206e-09
6.783998236395e-09
6.557183202858e-09
7.168630495193e-09
7.032835220536e-09
7.33624989737e-09
6.07692182121e-09
6.122010247968e-09
6.363109549162e-09
6.374659124629e-09
6.66227486734e-09
6.507043956737e-09
6.547096817508e-09
6.612408976176e-09
6.81487516917e-09
6.69420507816e-09
6.921050656535e-09
6.646471415672e-09
6.576716033271e-09
6.474184469473e-09
7.110671657485e-09
1.558908163008e-09
1.555362016352e-09
1.828194175049e-09
1.718583298075e-09
1.723683443297e-09
5.901303499951e-09
3.255457058935e-09
3.243821654511e-09
2.719429634169e-09
3.455523393977e-09
3.003964263024e-09
3.630037121058e-09
4.19867158343e-09
4.27601584866e-09
3.63565028511e-09
6.608232393677e-09
5.75795249019e-09
5.863222144758e-09
1.943048002082e-09
2.369788714269e-09
2.56897190252e-09
3.056294672175e-09
3.092100340048e-09
3.700405833892e-09
3.230285784926e-09
2.399430555828e-09
1.952062441944e-09
2.639682756319e-09
2.599823650518e-09
2.869100366238e-09
1.908096705469e-09
1.725975343024e-09
1.804121726656e-09
1.76537255937e-09
1.736439892126e-09
1.85105562326e-09
6.033980498715e-09
6.35409242607e-09
6.446602566657e-09
6.292829702206e-09
6.192307108834e-09
6.468453069971e-09
4.997809631165e-09
1.43307990509e-09
1.357955906345e-09
1.276410688737e-09
6.499202121162e-09
6.310554862658e-09
6.408862964719e-09
6.268209072231e-09
6.319617835207e-09
7.049645668913e-09
1.870261900195e-09
1.365135784088e-09
1.595396978864e-09
1.636284228011e-09
6.146505855111e-09
6.071223175633e-09
6.231082938284e-09
6.241674193152e-09
6.444953844299e-09
6.367713069086e-09
6.328093231525e-09
6.311267914636e-09
6.326789742885e-09
4.264366923976e-09
4.93021359685e-09
4.30748079193e-09
4.35991432789e-09
3.775129374581e-09
4.970346282728e-09
4.883306490037e-09
7.813841094118e-09
1.814024664086e-09
1.786467990333e-09
1.82539778557e-09
1.801785191987e-09
1.713981171318e-09
1.748485566291e-09
6.77272373573e-09
6.595187612491e-09
6.6378431041e-09
1.66495886743e-09
1.719682710092e-09
5.438552623075e-12
1.720004738046e-11
1.305058492408e-10
2.088823393459e-10
8.488106303705e-11
4.343539588367e-10
4.175731237576e-10
4.012015354618e-11
1.145553884479e-09
4.86334729772e-11
4.049304033894e-11
3.963314778894e-10
4.375836324963e-10
4.424525526677e-10
1.144188735825e-09
5.737948469646e-12
              0
8.926053113007e-11
1.32569120191e-10
2.100429363261e-10
9.037591349696e-09
8.701103319416e-09
7.518231446017e-09
8.37576197323e-09
8.494243928186e-09
7.779006889692e-09
7.067233511295e-09
7.093899874526e-09
7.18682014409e-09
6.371979784922e-09
6.745818896883e-09
6.291750448279e-09
7.417005922639e-09
7.114221809977e-09
6.999643273106e-09
7.097543470805e-09
6.812929428913e-09
6.861023179347e-09
6.646140635344e-09
6.757667927866e-09
6.534331060057e-09
6.670576896486e-09
6.596715025327e-09
6.444033510311e-09
6.541442794939e-09
6.549125856884e-09
6.424532246662e-09
6.419467374037e-09
6.596517555954e-09
6.677435082166e-09
6.613339891837e-09
6.975720962454e-09
7.316025777562e-09
7.257451626663e-09
7.353542174852e-09
3.192116186821e-09
7.642025661756e-09
1.91051675919e-09
5.019208457789e-10
1.888839558367e-09
5.299006400378e-10
3.438639256573e-09
2.162350033357e-10
              0
3.228034140945e-09
1.642760961064e-09
5.390861498399e-09
6.730910073968e-10
2.053501436043e-09
1.798701582505e-09
8.280534555157e-10
3.911553949906e-09
1.859287775563e-10
              0
2.737972558035e-09
9.330570777337e-10
6.979868013415e-09
5.017938098043e-09
4.066240208064e-09
1.947216596036e-09
4.237115232754e-09
5.51075241356e-09
6.148177350651e-09
9.101324136473e-10
2.046985534595e-09
8.146648557996e-10
2.399891513645e-09
2.824704052985e-09
              0
2.278216459274e-10
              0
2.687545352748e-10
9.887045609136e-10
2.909384150811e-10
1.731338739631e-09
9.093934727165e-11
              0
4.893338316571e-10
8.48931236538e-10
1.698762294539e-09
5.559997379068e-10
2.240899258376e-09
3.60967127631e-09
5.039414908701e-09
3.400689311512e-09
4.312972614765e-09
4.715464214622e-09
7.494610417571e-09
7.576924413625e-09
6.967058183396e-09
7.07531667357e-09
7.176233130942e-09
7.080552102535e-09
6.956923882585e-09
7.389146447788e-09
7.213525037764e-09
6.995221066278e-09
6.970331922009e-09
7.09130252589e-09
6.504393792768e-09
6.886331335754e-09
6.767756002553e-09
6.655965573126e-09
6.806081673767e-09
7.054580789737e-09
1.704596432522e-09
1.760623590605e-09
1.784610359583e-09
1.801318504666e-09
1.589231175718e-09
1.550001231571e-09
1.600429304725e-09
1.413874798957e-09
6.665193407397e-09
5.728695246805e-09
5.718815684566e-09
5.860806963306e-09
5.260292133838e-09
5.861193501285e-09
5.920861245135e-09
5.833268613408e-09
5.937332072434e-09
6.008713589635e-09
5.970613084823e-09
5.840546276897e-09
6.030825931842e-09
6.089192948754e-09
5.946424874717e-09
5.552667029662e-09
7.233392510629e-09
7.170632101826e-09
1.48804917847e-09
1.561339018756e-09
1.561743454717e-09
1.441002089497e-09
1.635840147226e-09
1.503662706087e-09
1.617105769289e-09
1.586459317245e-09
1.512403289216e-09
1.45072993584e-09
1.456914526173e-09
1.479007069614e-09
1.466752511912e-09
1.495749149494e-09
1.437248403174e-09
1.551090749302e-09
1.291046563871e-09
1.53960240505e-09
1.500245274775e-09
1.601471086418e-09
1.433830075764e-09
1.508679719048e-09
1.458627053988e-09
1.396283421084e-09
1.469009847997e-09
1.417180427071e-09
1.583944536736e-09
1.538084178926e-09
1.517792652657e-09
1.582807462391e-09
1.54109351003e-09
1.629863805504e-09
1.589077705327e-09
1.628316674255e-09
1.627473485081e-09
1.578363681341e-09
1.676230310782e-09
1.649953772543e-09
1.70757397014e-09
1.598548973438e-09
              0
1.533182608688e-10
6.102695596288e-10
              0
1.581776022195e-10
1.253412895314e-10
1.666629329787e-09
3.592782414701e-09
4.35497494429e-09
3.614375719874e-09
5.507599374264e-09
5.786709370164e-09
5.562765758954e-09
5.951176466795e-09
5.373152753816e-09
5.741024269346e-09
5.038932757257e-09
5.47500346259e-09
              0
1.655259119113e-09
1.802636180443e-09
1.845815491272e-09
1.716318178807e-09
1.623987898303e-09
1.778226649669e-09
1.690199902839e-09
1.622937000322e-09
1.660256793394e-09
1.568233476335e-09
1.55426106127e-09
1.44138955733e-09
1.40972549984e-09
1.505158775853e-09
1.486484074076e-09
1.542872191694e-09
1.530579348932e-09
2.097455464385e-09
2.095349686094e-09
6.112099924583e-09
6.417130446004e-09
6.507504773626e-09
6.629354056054e-09
6.577385407357e-09
6.703268285952e-09
6.294538717157e-09
6.185330396981e-09
1.459209997061e-09
1.51267628063e-09
1.493670186068e-09
1.489578214503e-09
1.378462456344e-09
1.519017258011e-09
1.543978918439e-09
1.440300859066e-09
1.475652457523e-09
1.556253026665e-09
1.589659467263e-09
1.643629562641e-09
1.660209219182e-09
6.216076202279e-09
4.543488068024e-09
1.84936498893e-09
1.845052886567e-09
1.79243623609e-09
1.818588622476e-09
1.691924519807e-09
1.784516766247e-09
1.700282777753e-09
6.68016273386e-09
6.494167758807e-09
6.483419642338e-09
1.669540209601e-09
              0
4.689869320775e-12
5.927908251215e-11
3.59902723585e-11
1.106157484376e-10
1.720392177987e-10
9.392663189018e-11
              0
4.842537951284e-11
7.708804466983e-11
2.324339399484e-10
5.314246187958e-10
5.011625776018e-10
8.51040918615e-10
2.061723304475e-09
5.892287263075e-12
3.25003651129e-11
6.184630306e-11
1.107620383427e-10
5.258573820216e-11
6.837040202044e-09
6.948114713578e-09
7.152979105806e-09
7.042347564324e-09
7.04927002922e-09
7.263501456415e-09
7.261492206365e-09
7.426118138015e-09
2.353047169601e-10
4.056984813273e-09
2.967527071778e-09
2.835094275329e-10
1.802806180439e-10
2.378727270324e-09
1.619580021629e-09
3.353299762124e-09
2.451506360329e-09
1.88452422869e-09
1.469552607302e-09
8.683155292299e-10
7.200657177947e-10
1.052429950969e-09
5.418780955132e-09
4.667512814547e-09
4.363160186837e-09
4.156766462753e-09
3.894074164855e-09
6.939145043844e-09
6.815010836479e-09
6.785491742512e-09
6.642425784929e-09
6.622045878469e-09
6.494474495911e-09
6.454685198874e-09
6.606415200415e-09
6.379568310803e-09
6.396680399402e-09
6.511673262775e-09
6.570240223625e-09
6.606228946227e-09
6.436860969642e-09
6.556377943368e-09
6.453165402926e-09
6.718531447863e-09
6.250392773199e-09
6.318055809082e-09
6.302975528532e-09
6.527921171853e-09
6.341024764558e-09
6.152456975572e-09
6.415486061612e-09
6.689446285516e-09
6.718587073983e-09
6.569145260057e-09
6.357663250704e-09
6.10487775217e-09
6.781025250445e-09
6.553110511696e-09
6.868810340967e-09
6.684747034275e-09
6.87411662241e-09
6.576111255656e-09
2.360451934549e-09
1.419320105721e-09
1.516420018107e-09
1.543357452338e-09
1.605382002091e-09
6.010900572644e-09
5.56359402645e-09
5.84112289249e-09
5.589690257684e-09
5.931447732968e-09
6.230602921511e-09
5.13656361362e-09
1.516522259953e-09
6.10699071317e-09
6.233300865093e-09
6.612705087506e-09
6.314430884263e-09
6.726570308634e-09
6.317188444624e-09
6.571024045512e-09
6.028160875467e-09
6.108676123431e-09
6.235398209959e-09
5.89150159663e-09
6.556266316873e-09
6.376372635598e-09
6.495981918057e-09
6.428750432131e-09
6.653001323781e-09
6.511920655547e-09
6.326481456342e-09
6.826687368141e-09
6.69178626247e-09
7.086049090918e-09
7.125246103257e-09
7.204709918956e-09
7.460498562877e-09
6.846239532856e-09
6.797412108332e-09
6.822458188743e-09
7.068646772982e-09
6.920475474404e-09
6.718994303546e-09
7.015969183952e-09
6.858456966068e-09
1.277455327538e-10
6.765679839536e-10
1.628417490627e-09
1.537094914798e-09
1.618342792968e-09
1.498177604062e-09
6.179299324605e-09
6.328319098688e-09
1.433246065074e-09
1.354023959211e-09
1.48280220833e-09
1.438253863791e-09
1.611876942207e-09
1.707631646798e-09
1.63359579155e-09
1.565807614628e-09
1.614130096163e-09
1.563251626713e-09
1.612271247124e-09
1.6573717144e-09
1.59979315656e-09
1.54764440437e-09
1.456818380896e-09
1.506370844091e-09
1.523902910837e-09
1.45661359438e-09
1.501357674084e-09
1.534169707783e-09
1.596719087565e-09
1.471801364438e-09
1.489473018758e-09
1.618056257022e-09
1.558642431809e-09
1.660909418619e-09
1.691155332822e-09
1.648937464583e-09
1.714682100753e-09
1.578245197753e-09
3.085071777584e-10
2.634603189283e-10
2.177346834301e-10
3.645693467749e-10
9.414523176115e-11
              0
1.794051442427e-09
1.258528091113e-09
2.391491828895e-09
2.535930202757e-09
3.500849659973e-09
2.583986836609e-09
3.617345990923e-09
3.843233193685e-09
9.322897362788e-10
5.03080288055e-10
1.752042358933e-09
2.258553435724e-09
1.403472349776e-09
2.769478693875e-10
              0
2.601249046534e-09
3.901919973181e-09
1.360124270991e-09
3.548946029416e-09
1.032967406615e-10
6.917730938793e-09
4.525810540836e-09
3.741064063772e-09
6.203460800878e-09
6.212153929213e-09
6.08427337298e-09
6.434386404223e-09
1.500264456588e-09
1.569535232438e-09
1.341224028495e-09
1.441264713868e-09
1.481944903131e-09
1.35811648198e-09
1.437347239956e-09
6.201371279193e-09
3.579147730167e-09
6.933213823576e-09
6.850202632259e-09
6.722882274641e-09
1.831786812881e-10
1.579586705918e-09
1.577567372007e-09
1.455868788864e-09
1.528490176293e-09
1.649703810898e-09
1.465596774849e-09
1.299560770706e-09
1.37236457281e-09
1.536358659318e-09
1.48868093193e-09
1.635226849762e-09
1.756431120991e-09
1.754798175508e-09
7.869285747626e-10
4.979829118142e-09
4.196131064915e-09
1.48192852641e-09
1.288958593087e-09
1.803303049151e-09
6.73743604864e-10
4.093571986031e-09
2.91616535323e-09
2.26032427982e-09
1.356886354713e-09
9.948612038057e-10
1.127692031026e-09
1.25226217703e-09
1.32696882365e-09
6.823470914054e-09
6.711108221102e-09
1.504028671845e-09
1.487358721828e-09
1.67092794609e-09
1.481776608185e-09
1.500591909312e-09
1.454570406677e-09
1.405778338007e-09
4.57169239233e-09
5.668115140887e-10
3.010390251987e-09
1.775028044689e-09
2.563549311107e-09
3.541124093806e-09
2.805882158109e-09
3.419468361333e-09
2.066700517859e-09
3.726137036657e-09
1.242919976721e-09
1.326073851837e-09
1.250740499494e-09
1.440330758957e-09
1.275754699093e-09
1.395079574399e-09
7.266707368619e-10
5.758119400897e-10
5.815574291064e-10
6.870936993203e-10
2.654593509918e-10
4.897883335234e-10
8.735991948126e-10
8.198081464064e-10
8.471207659017e-10
9.597615651624e-10
6.812892164048e-10
7.184865264743e-10
4.126020223539e-10
3.105737041224e-10
5.058860314244e-10
4.531969538972e-10
3.28555257333e-10
4.077765021607e-10
3.433159817309e-10
2.52920925028e-10
1.940923071472e-10
3.334598535472e-10
3.470572676749e-10
3.681955904597e-10
4.69824784666e-10
3.927258828836e-10
1.420439229753e-10
2.656893989978e-10
5.565092500947e-10
6.304701966684e-10
6.251506710104e-10
7.179528916481e-10
7.836609473319e-10
4.655632151249e-10
1.396773307214e-09
3.378840201302e-09
8.131686113558e-10
1.68867520777e-09
3.304129068251e-09
4.545263777057e-09
4.83536125136e-09
5.847276464017e-09
3.925592638391e-09
4.12416376921e-09
2.395565338269e-09
5.046290657591e-09
3.241322156373e-09
2.346813762439e-09
4.928257207729e-09
1.481114286245e-09
1.312097024259e-09
1.12792220498e-09
1.19870085171e-09
2.22143200569e-09
3.004414240943e-09
4.711323458255e-09
2.254177605149e-09
1.391618253152e-09
3.847058403985e-09
1.834382972716e-09
3.172549136633e-09
2.492830499984e-09
4.797484860415e-09
3.302074008737e-09
1.69573463597e-09
2.676768340663e-09
4.01313410058e-09
5.903032154596e-09
2.899501651254e-09
5.052815011118e-09
1.160499212387e-09
4.87975050822e-09
4.41515181905e-09
5.734884667295e-09
5.780939731233e-09
3.762819954435e-09
5.470294880109e-09
4.908467222251e-09
5.532288624681e-09
5.728055982439e-09
4.599504591105e-09
3.905475283675e-09
3.769292895449e-09
2.451770466817e-09
3.979898804101e-09
2.763245311328e-09
3.138248804347e-09
2.09472241242e-09
1.882982731088e-09
6.043473521058e-09
5.437024417516e-09
4.890019113995e-09
4.008418816251e-09
1.249675125721e-09
1.31356926728e-09
1.303778676595e-09
1.398029295369e-09
1.221133828961e-09
1.420635125646e-09
1.203518506646e-09
1.187495666917e-09
1.059415855034e-09
9.253364332238e-10
3.871486621301e-09
4.616665192656e-09
4.654109634073e-09
3.028976880779e-09
1.7217422039e-09
5.430105110588e-09
1.098236494899e-09
4.319356217757e-09
5.382319553407e-09
5.867521107315e-09
1.117699787362e-09
1.235167467985e-09
1.317096282651e-09
1.322279294446e-09
1.279030229419e-09
3.781705674551e-09
3.804089655931e-09
3.902172823011e-09
1.823162984747e-09
1.926667452176e-09
2.017739206346e-09
8.71050191388e-09
9.015526009984e-09
8.819865490128e-09
8.518463548003e-09
8.934939485294e-09
9.40479922601e-10
1.305009771938e-09
8.931419548309e-10
7.48098330762e-10
2.801173536166e-09
1.962005440368e-09
2.860255205427e-09
3.440742621099e-09
2.453519730534e-09
2.054830918768e-09
2.46896354922e-09
2.412603707759e-09
1.976355426264e-09
2.696930662806e-09
3.254244824168e-09
4.285387865942e-09
1.938097135957e-09
3.359516566801e-09
2.801311244456e-09
3.80593097927e-09
4.83793808167e-09
4.980099486491e-09
4.561888682407e-09
5.542799612261e-09
5.651518315043e-09
5.143027604203e-09
5.645399468174e-09
4.707465465617e-09
5.045794448458e-09
3.584640632925e-09
3.964236917587e-09
5.400225313211e-09
4.629716999459e-09
5.29291933541e-09
2.709113373873e-09
3.459260789073e-09
2.321518637081e-09
2.11729760661e-09
2.562750361583e-09
3.614336179355e-09
1.753216643915e-09
1.441174040789e-09
1.518107686576e-09
1.523561505741e-09
1.415920442175e-09
1.492943329703e-09
1.485249943847e-09
1.359282392838e-09
1.446050263635e-09
1.422475360479e-09
1.294827089333e-09
1.372803721075e-09
1.323152208405e-09
1.345226939682e-09
1.42082982495e-09
1.27569530346e-09
1.338402082383e-09
2.971714189607e-09
9.846402552401e-10
4.993960028897e-09
5.153423082509e-09
4.478274489539e-09
4.621350655886e-09
5.331069952529e-09
3.653431849867e-09
3.1669035765e-09
2.587528840678e-09
3.670420202552e-09
4.469138451673e-09
5.261336706276e-09
1.490329751665e-09
2.371523652152e-09
2.385315803814e-09
2.620797961429e-09
2.822969026021e-09
1.797180383243e-09
3.067919863554e-09
4.531256668105e-09
2.015035544325e-09
3.196799141208e-09
3.63148812775e-09
4.119419995539e-09
5.41357380611e-09
2.413082841761e-09
5.462578043663e-09
5.121023320132e-09
2.344961039386e-09
2.963749374963e-09
1.201257449765e-09
1.136134908912e-09
4.731722839046e-09
3.043995326687e-09
4.100476002828e-09
3.781218956976e-09
1.231869461031e-09
9.702229315206e-10
5.05132625686e-09
1.076227030999e-09
1.087310847803e-09
6.055088019618e-09
7.592428897596e-09
6.751041471801e-09
1.745844848601e-09
1.774939823156e-09
1.693902561677e-09
1.69498513173e-09
7.786249393098e-10
6.501841414552e-09
6.583112717586e-09
6.520209340218e-09
6.645585592555e-09
6.543545606758e-09
6.576262365262e-09
6.711642088204e-09
6.770534308497e-09
1.456847271427e-09
4.395361268976e-10
4.603549956443e-10
1.318155833699e-11
9.689083138665e-10
9.606339276864e-10
1.065285317661e-09
7.031441547284e-10
9.443129431223e-10
1.443297292445e-09
1.693112752027e-09
3.168533142597e-09
1.332146193483e-09
1.418929842594e-09
1.398068402815e-09
1.168453573331e-09
1.247145948837e-09
1.269699697235e-09
1.275315857937e-09
1.188546604244e-09
1.329715709603e-09
1.335624842211e-09
1.002827963227e-09
1.091273247801e-09
1.100638405247e-09
1.038429490226e-09
1.057396956415e-09
1.059485413895e-09
1.170983152547e-09
1.159445479934e-09
1.257873354545e-09
1.207659543743e-09
1.048278072631e-09
1.218698482491e-09
1.280129127709e-09
1.03255455844e-09
5.116762540216e-09
4.985345913697e-09
4.17227576089e-09
5.536927382758e-09
5.851934726337e-09
5.312517011131e-09
4.104591121877e-09
3.182980211723e-09
3.685402583352e-09
2.2717839008e-09
9.702249088048e-10
8.667286859792e-10
1.435172738775e-09
1.546896713224e-09
2.947602657838e-10
5.281985843234e-10
6.020621188299e-10
8.605178837199e-10
7.032665023834e-10
1.144455662773e-09
1.195407471581e-09
1.203618671909e-09
1.094715466426e-09
9.082337321948e-10
8.726373719585e-10
9.336955763669e-10
9.75755767118e-10
1.064731031973e-09
1.158532799001e-09
9.68653933595e-10
9.246242553586e-10
1.015818251257e-09
1.068777429439e-09
9.723868346668e-10
9.587411200573e-10
6.667320289894e-10
1.420441382613e-09
1.473401188059e-09
1.531985422742e-09
1.540803496643e-09
1.490419505192e-09
1.588814510543e-09
1.571248662632e-09
1.468692000814e-09
1.523253284908e-09
1.618370491704e-09
1.581996618355e-09
1.592646524863e-09
1.520113067017e-09
3.434012403929e-10
2.527102640373e-10
4.218325976373e-10
3.572741089172e-10
3.51155653758e-10
2.07154872782e-10
3.186086823354e-10
5.332915699624e-10
5.07649009077e-10
4.573535998714e-10
5.976240897278e-10
7.136870891652e-10
5.361134746829e-10
4.554692946543e-10
6.368448502509e-10
7.333540098064e-10
6.27633406738e-10
7.294178645904e-10
8.212763587054e-10
7.634480987219e-10
6.581626356228e-10
8.453926156376e-10
7.574453489733e-10
7.965316821119e-10
8.706926179961e-10
7.87505415226e-10
8.77164583124e-10
9.406741476096e-10
1.015030983131e-09
6.82358149806e-10
5.675057408657e-10
6.985149255814e-10
8.879374349595e-10
3.655622747393e-10
6.61963252278e-10
7.14225700602e-10
1.724037159441e-09
8.906037718312e-10
9.951661473298e-10
8.230146034295e-10
7.654958208456e-10
1.001978489818e-09
1.526455123524e-09
9.31428044444e-10
1.212847555495e-09
1.196475955365e-09
1.961274726405e-10
9.236517266168e-10
1.368643472072e-09
1.162041940243e-09
1.26669026752e-09
8.439724773544e-10
1.230616560154e-09
1.072328836311e-10
1.354747177511e-09
1.187926205404e-09
1.471044114205e-09
1.490615983349e-09
1.094654555306e-09
9.959602079611e-10
7.139022909994e-10
8.536924108676e-10
9.100102378688e-10
1.036021826598e-09
8.580580121505e-10
1.266700868724e-09
1.208924358975e-09
5.031401722654e-10
6.048343428092e-10
1.452574425716e-09
9.698546370678e-10
4.543937910885e-12
1.252475024607e-11
2.179725157035e-11
9.029987940447e-12
1.632460221367e-12
7.186438018139e-10
1.256811126408e-10
3.623463802544e-10
1.166361704987e-10
5.543885514193e-10
2.92995776324e-10
1.13513778646e-09
6.980195024818e-10
6.987045553834e-10
6.671471605807e-10
6.029905875985e-11
4.844344235468e-11
1.486521212905e-11
3.725069956606e-12
4.416324610981e-12
3.028590477028e-12
6.888803161169e-11
1.764127680305e-10
9.112752514754e-12
8.224782172432e-12
4.232049527236e-11
3.772351173272e-12
3.379799212449e-12
9.391124077094e-12
6.970478716889e-10
4.669149997586e-11
5.067739862735e-10
3.998491917532e-10
3.240622327311e-10
4.845598881849e-11
5.509515090071e-10
4.4052145931e-10
4.967364325334e-10
3.029580476982e-10
1.786254309059e-10
2.390615076109e-10
6.861323394033e-10
6.548663542854e-10
6.512229586515e-10
6.218044807972e-10
1.588261925693e-11
1.777627486393e-11
1.031774640644e-11
3.214914077633e-11
2.76979840348e-11
5.434937993292e-11
8.120264415761e-11
1.501956021117e-10
2.440870101692e-10
1.899252060523e-10
5.339046412593e-11
3.243061360687e-11
4.630364827687e-10
5.739537613879e-10
5.068397135003e-10
2.816149058751e-10
5.990430943036e-10
4.437903084176e-10
3.811697303555e-10
1.915970123668e-10
1.342152940749e-10
5.955798202369e-10
7.403624300345e-12
7.543040366049e-12
1.146410629404e-10
6.327240355235e-10
8.186179397568e-11
7.649976964487e-10
6.894941086695e-10
9.73003266473e-10
1.141132220651e-09
1.01651764918e-09
1.220471223244e-09
4.907594252779e-10
7.854310118857e-10
1.581857291356e-11
6.588948817595e-11
2.140942073269e-11
7.47666981146e-10
6.029970049097e-10
4.985032615075e-10
5.500515924718e-10
2.573587678097e-10
3.29707896705e-10
4.210285342078e-10
1.328340019439e-10
6.807728567289e-10
7.658419052338e-10
9.226093877906e-10
8.746829846993e-10
9.327614496353e-10
1.106725117042e-10
6.494857814448e-11
6.69147710325e-10
1.213997721483e-10
2.232542052118e-10
4.254616668111e-10
1.209695024815e-10
3.110542639253e-10
2.415181289096e-10
5.85914567982e-10
4.419472483867e-10
6.630060769234e-10
4.356990926551e-10
2.479651650217e-10
2.878598426652e-10
