              0
9.325344054174e-12
3.568664717034e-11
7.345688504703e-11
1.314711004645e-10
2.019266504003e-10
2.894881476212e-10
3.937755947951e-10
5.182732270144e-10
6.494112579115e-10
8.032928020806e-10
9.669235376829e-10
1.151649470257e-09
1.35194136943e-09
1.558790891524e-09
1.784074826774e-09
2.026626997703e-09
2.271029325055e-09
2.533924590833e-09
2.804444198998e-09
3.088792694778e-09
3.384885591005e-09
3.67958284399e-09
3.992912508727e-09
4.314902868885e-09
4.628964898748e-09
4.952921009648e-09
5.28046066048e-09
5.597778131403e-09
5.926365054506e-09
6.247006134669e-09
6.571717279371e-09
6.893369250506e-09
7.200504862648e-09
7.513913370878e-09
7.807145993091e-09
8.090107920363e-09
8.350154836683e-09
8.596387660378e-09
8.81232426589e-09
9.012528532281e-09
9.196575830806e-09
9.355371145353e-09
9.498315217178e-09
9.60682041033e-09
9.691098709078e-09
9.748066442666e-09
9.770639602162e-09
9.749224595945e-09
9.689302765041e-09
9.605836560536e-09
9.488394081037e-09
9.346130939958e-09
9.177291880857e-09
8.987980161313e-09
8.772894946417e-09
8.550825052022e-09
8.306762375876e-09
8.052618014205e-09
7.774779070946e-09
7.490024121322e-09
7.188067052061e-09
6.872217275662e-09
6.554511943446e-09
6.242759125999e-09
5.915693566137e-09
5.596242141086e-09
5.26279526652e-09
4.932961676429e-09
4.616134798875e-09
4.294297618621e-09
3.983587487452e-09
3.686579747968e-09
3.383149445684e-09
3.096677865476e-09
2.81130994987e-09
2.533610332597e-09
2.271321377332e-09
2.026603090946e-09
1.788487275396e-09
1.567989920528e-09
1.3500885591e-09
1.152960765604e-09
9.697230340555e-10
8.03275729792e-10
6.523623045253e-10
5.214006020014e-10
4.012021919979e-10
3.02704965367e-10
2.118741260991e-10
1.359469641011e-10
7.526927469436e-11
3.464641683682e-11
7.975144154368e-12
              0
              0
              0
              0
              0
              0
              0
              0
              0
              0
              0
              0
              0
              0
              0
              0
              0
              0
              0
              0
              0
              0
              0
              0
              0
              0
              0
              0
              0
              0
              0
              0
              0
              0
              0
              0
              0
              0
              0
              0
              0
              0
              0
              0
              0
              0
              0
              0
              0
              0
              0
              0
              0
              0
              0
              0
              0
              0
              0
              0
-1.12640510479e-14
-1.176681577167e-11
-4.16188305298e-11
-7.948284912316e-11
-1.080968373434e-10
-1.195055473442e-10
-1.062964206058e-10
-6.479474212086e-11
6.274578485818e-12
1.139002193274e-10
2.618609860609e-10
4.559137815647e-10
7.10489263725e-10
1.031632663194e-09
1.444790747458e-09
1.96536151122e-09
2.608630310941e-09
3.418673171406e-09
4.43185236397e-09
5.69855011505e-09
7.263634902255e-09
9.206688575791e-09
1.161703198487e-08
1.531831293555e-08
1.933331551086e-08
2.232283529117e-08
2.528486229291e-08
2.858416266351e-08
3.239292729465e-08
3.699761448777e-08
4.276816989687e-08
5.022632085734e-08
6.047862525535e-08
7.269662847766e-08
7.807989829559e-08
7.807202719727e-08
7.274076276364e-08
6.046169592873e-08
5.02764231984e-08
4.277899000091e-08
3.699998401849e-08
3.240292888654e-08
2.856648080507e-08
2.527094723789e-08
2.228978694076e-08
1.933260420242e-08
1.535411436087e-08
1.161421090638e-08
9.168288192446e-09
7.205195477463e-09
5.626132551989e-09
4.347748761722e-09
3.342355035825e-09
2.534084868183e-09
1.891525127036e-09
1.384908909214e-09
9.824632096108e-10
6.710786855353e-10
4.306503298649e-10
2.472571385963e-10
1.091892893031e-10
7.206724878827e-12
-6.115483807076e-11
-1.005538692427e-10
-1.148572269217e-10
-1.060596893949e-10
-7.633159052921e-11
-3.990177714807e-11
-1.118184048562e-11
-1.066922360929e-14
-3.403476560073e-09
-3.387437599113e-09
-3.348218604818e-09
-3.291992797791e-09
-3.213754812976e-09
-3.112280701884e-09
-2.986396027772e-09
-2.821981704079e-09
-2.548338489837e-09
-2.918988362949e-09
-3.297950175708e-09
-3.731471349356e-09
-4.226064048908e-09
-4.788655300082e-09
-5.425732612813e-09
-6.119742167184e-09
-6.872344953966e-09
-7.660544613274e-09
-8.465592242009e-09
-9.244962487052e-09
-9.967549364454e-09
-1.05422955887e-08
-1.092224247517e-08
-1.098506504003e-08
-1.062059028154e-08
-9.728693415656e-09
-7.882361372409e-09
-9.796362600446e-09
-1.159336448054e-08
-1.392525910123e-08
-1.725817942172e-08
-2.20160087948e-08
-2.925225653326e-08
-3.897388074985e-08
-4.318219029839e-08
-4.318229543816e-08
-3.897856242745e-08
-2.932804917862e-08
-2.211803735568e-08
-1.728027675832e-08
-1.394423200072e-08
-1.160748505064e-08
-9.827951225389e-09
-7.880054544111e-09
-9.741455744671e-09
-1.065113132452e-08
-1.101098983501e-08
-1.094215972339e-08
-1.056512951806e-08
-9.974203157796e-09
-9.258634852825e-09
-8.472335701547e-09
-7.666677666108e-09
-6.875583347847e-09
-6.125919070423e-09
-5.426938202981e-09
-4.79280564609e-09
-4.225055608253e-09
-3.725689779844e-09
-3.297540576198e-09
-2.918528623089e-09
-2.553255265013e-09
-2.823464831632e-09
-2.986278355725e-09
-3.115692398117e-09
-3.216377210026e-09
-3.294402402765e-09
-3.352682854489e-09
-3.386988334735e-09
-3.403649268642e-09
-1.23595488168e-13
-4.874876012679e-13
-1.679801556906e-12
-3.717748665887e-12
-9.570939888652e-12
-1.886973298386e-11
-3.087391335061e-11
-7.409124829527e-11
-1.311172974597e-10
-2.049717490082e-10
-2.957140314497e-10
-4.06748744402e-10
-5.337549693886e-10
-6.754912801662e-10
-8.373610043365e-10
-1.013004110164e-09
-1.211129036246e-09
-1.424962880672e-09
-1.654699451079e-09
-1.904240598519e-09
-2.168054848161e-09
-2.450482487525e-09
-2.750980440522e-09
-3.071534133956e-09
-3.403613547309e-09
-3.475842916492e-09
-3.515657559178e-09
-3.557468787675e-09
-3.601694931696e-09
-3.648660495786e-09
-3.697469948066e-09
-3.748135025892e-09
-3.801764935152e-09
-3.857446447072e-09
-3.915931930075e-09
-3.97654559281e-09
-4.039556565972e-09
-4.104715890252e-09
-4.17275026537e-09
-4.243856924938e-09
-4.317015806006e-09
-4.392236584904e-09
-4.470668289091e-09
-4.551193079864e-09
-4.634949338344e-09
-4.72076901511e-09
-4.809931851948e-09
-4.901286175433e-09
-4.995357460964e-09
-5.092310945869e-09
-5.191660428526e-09
-5.294769105986e-09
-5.400355505997e-09
-5.508927898255e-09
-5.620504144656e-09
-5.734585937593e-09
-5.852612959812e-09
-5.973530545392e-09
-6.098036930565e-09
-6.225315528611e-09
-6.355794876805e-09
-6.489432887361e-09
-6.626872030866e-09
-6.767598296486e-09
-6.912608772125e-09
-7.060617603939e-09
-7.212186872724e-09
-7.367463239233e-09
-7.525913451754e-09
-7.689154672615e-09
-7.856324820281e-09
-8.027968342446e-09
-8.203001492803e-09
-8.382778989401e-09
-8.567314247806e-09
-8.755454815871e-09
-8.948274206613e-09
-9.145867163137e-09
-9.348634815893e-09
-9.556739643155e-09
-9.769453974423e-09
-9.988236453311e-09
-1.021209794594e-08
-1.04418214958e-08
-1.067746843803e-08
-1.091921980817e-08
-1.116734286339e-08
-1.142224228164e-08
-1.168328705807e-08
-1.195183459984e-08
-1.22283757565e-08
-1.251214086621e-08
-1.280406302784e-08
-1.310418560819e-08
-1.341310889888e-08
-1.373016966287e-08
-1.405769221301e-08
-1.439598495877e-08
-1.474451910037e-08
-1.510150295771e-08
-1.547013483007e-08
-1.585230912774e-08
-1.62474834432e-08
-1.665683362923e-08
-1.708039987531e-08
-1.751857314682e-08
-1.797223714343e-08
-1.844326916547e-08
-1.893363925577e-08
-1.944255117582e-08
-1.997196239103e-08
-2.052331603932e-08
-2.109357043664e-08
-2.169175266027e-08
-2.23197557489e-08
-2.297525155133e-08
-2.365982770928e-08
-2.437886272277e-08
-2.513256279531e-08
-2.593441009394e-08
-2.678288027421e-08
-2.766354184e-08
-2.86014873327e-08
-2.960102716623e-08
-3.066975847244e-08
-3.180786069062e-08
-3.299428514881e-08
-3.426854813416e-08
-3.563358965908e-08
-3.709252525817e-08
-3.865566581865e-08
-4.035792286244e-08
-4.193719641751e-08
-4.339160406657e-08
-4.45062687922e-08
-4.523526982024e-08
-4.580144807158e-08
-4.620282261858e-08
-4.611923227192e-08
-4.589246913849e-08
-4.534470475559e-08
-4.466158699267e-08
-4.384795215227e-08
-4.318410926671e-08
-3.692044761613e-08
-3.075433450717e-08
-2.462720605783e-08
-1.854482339741e-08
-1.247423894458e-08
-6.431487146845e-09
-3.87120917597e-10
5.666574046558e-09
1.174710251235e-08
1.788328485594e-08
2.407294241582e-08
3.035565960659e-08
3.674080117281e-08
4.32285519417e-08
4.987040683066e-08
5.664451458719e-08
6.360169299392e-08
7.073767617327e-08
7.80782697927e-08
7.887159324533e-08
7.988088573414e-08
8.079737815436e-08
8.155163886158e-08
8.194222690765e-08
8.203323524344e-08
8.170778317372e-08
8.119512526828e-08
8.026093395132e-08
7.898861459626e-08
7.728479082156e-08
7.54103058751e-08
7.33469128174e-08
7.145474023021e-08
6.967184811684e-08
6.799260123233e-08
6.636319823454e-08
6.481986204882e-08
6.335988312404e-08
6.1996659511e-08
6.069231855049e-08
5.94801729582e-08
5.832812703933e-08
5.723446322777e-08
5.618348321502e-08
5.518937269843e-08
5.423883442882e-08
5.333098970741e-08
5.246552683896e-08
5.162796304018e-08
5.082764158874e-08
5.005151295908e-08
4.931032267775e-08
4.860413472999e-08
4.791466497484e-08
4.725299781571e-08
4.661285931867e-08
4.59928038881e-08
4.538894835803e-08
4.480346441424e-08
4.4245329902e-08
4.370433017598e-08
4.317827058623e-08
4.266276021863e-08
4.216388296633e-08
4.16827071208e-08
4.121316617457e-08
4.075727177188e-08
4.031435936501e-08
3.988311232603e-08
3.946362778721e-08
3.905309014614e-08
3.86545402983e-08
3.826473050877e-08
3.788452104487e-08
3.751387915255e-08
3.71508576955e-08
3.679771890374e-08
3.645197656606e-08
3.611428815034e-08
3.578458487468e-08
3.546120842858e-08
3.514654733829e-08
3.483845517155e-08
3.453574102994e-08
3.424033340482e-08
3.395192243519e-08
3.366805915217e-08
3.339057379799e-08
3.311949477663e-08
3.285219329949e-08
3.259100141008e-08
3.233514739262e-08
3.208357311401e-08
3.183603688801e-08
3.159328452547e-08
3.135632180385e-08
3.112255441593e-08
3.089218703342e-08
3.066661318458e-08
3.044456977313e-08
3.022709284197e-08
3.001418936654e-08
2.980471895832e-08
2.959863620628e-08
2.939514367176e-08
2.919521258309e-08
2.89977775502e-08
2.880368298216e-08
2.861309957475e-08
2.842415987966e-08
2.82384251058e-08
2.805571390754e-08
2.787601045285e-08
2.769950017296e-08
2.752455104295e-08
2.735277507176e-08
2.71838327286e-08
2.701763000306e-08
2.685401052509e-08
2.669252464097e-08
2.653333328909e-08
2.637568464924e-08
2.622068889859e-08
2.606766677237e-08
2.591664944287e-08
2.576794996792e-08
2.562164473167e-08
2.547772804851e-08
2.533594214053e-08
2.519606050109e-08
2.505862931918e-08
2.492351610451e-08
2.479038242875e-08
2.465893665329e-08
2.452916645486e-08
2.440146150795e-08
2.427548207147e-08
2.41513192301e-08
2.402860113644e-08
2.390728062523e-08
2.378749187191e-08
2.366858909121e-08
2.355107903067e-08
2.34349635739e-08
2.331942912368e-08
2.320518586975e-08
2.309209240386e-08
2.297982792247e-08
2.286893211309e-08
2.275887964956e-08
2.264995333646e-08
2.254227539171e-08
2.243539459973e-08
2.232960727157e-08
2.222505711816e-08
2.212141560764e-08
2.201894195738e-08
2.191712613141e-08
2.181633391037e-08
2.171665169586e-08
2.161732479883e-08
2.151899118073e-08
2.14212201791e-08
2.132426347131e-08
2.122819486858e-08
2.113258133522e-08
2.103769094312e-08
2.094383898033e-08
2.085086261715e-08
2.075857184263e-08
2.066698756488e-08
2.057638525447e-08
2.04869169097e-08
2.039863329472e-08
2.031124780069e-08
2.022494585667e-08
2.013956004685e-08
2.005521022225e-08
1.997183261564e-08
1.988930420026e-08
1.980769110782e-08
1.972668457675e-08
1.964644145972e-08
1.95669083862e-08
1.948827116846e-08
1.941033740995e-08
1.933319777764e-08
1.925683467863e-08
1.918105812432e-08
1.910609868426e-08
1.903173237409e-08
1.895786458314e-08
1.888467135202e-08
1.881190968084e-08
1.873980826354e-08
1.866840682352e-08
1.859774324158e-08
1.852786630199e-08
1.845833241716e-08
1.838955177834e-08
1.832147560272e-08
1.825398783111e-08
1.818715062013e-08
1.812072456879e-08
1.805484138444e-08
1.798951552434e-08
1.792480380876e-08
1.786070078118e-08
1.779700726846e-08
1.773386923504e-08
1.767123013317e-08
1.760916254077e-08
1.75475803711e-08
1.748654681884e-08
1.742606248132e-08
1.736587022167e-08
1.730616627133e-08
1.724676710642e-08
1.718795585262e-08
1.712973313145e-08
1.707187639368e-08
1.701466674168e-08
1.695788278626e-08
1.690161942862e-08
1.684587831362e-08
1.679046639724e-08
1.673549319319e-08
1.668096209454e-08
1.662671535844e-08
1.657286409884e-08
1.651944189548e-08
1.646623971702e-08
1.641334759909e-08
1.636081241834e-08
1.630874984425e-08
1.625698898147e-08
1.620550414056e-08
1.615449199762e-08
1.610375893872e-08
1.605349065009e-08
1.600368759712e-08
1.595414596851e-08
1.59049945682e-08
1.585621004346e-08
1.580783790688e-08
1.575990420414e-08
1.571227507021e-08
1.566504629544e-08
1.561821455022e-08
1.557167028638e-08
1.552552191125e-08
1.547977821882e-08
1.543438801736e-08
1.53892435195e-08
1.534432438761e-08
1.52996697315e-08
1.5255393219e-08
1.521134883898e-08
1.516762304296e-08
1.512411899596e-08
1.50808250364e-08
1.50378645129e-08
1.499507754298e-08
1.495257889378e-08
1.491034292582e-08
1.486827394271e-08
1.482645778283e-08
1.478478896105e-08
1.474341753241e-08
1.470234378027e-08
1.466145437743e-08
1.462092139101e-08
1.458056186834e-08
1.454052499127e-08
1.45008110583e-08
1.446129111682e-08
1.442208522953e-08
1.438311712767e-08
1.434444849418e-08
1.430596483694e-08
1.426775549871e-08
1.422984355227e-08
1.4192130633e-08
1.415465551327e-08
1.411736424145e-08
1.408034235905e-08
1.40435449346e-08
1.400699450817e-08
1.397058606885e-08
1.393430966033e-08
1.389826875899e-08
1.386238030004e-08
1.382670887868e-08
1.379117507839e-08
1.375577705086e-08
1.372061424371e-08
1.368557165328e-08
1.3650726335e-08
1.361607846912e-08
1.35815376097e-08
1.354721200655e-08
1.351304922852e-08
1.347904770025e-08
1.34452774023e-08
1.341169416833e-08
1.337833481997e-08
1.334513679596e-08
1.331216126708e-08
1.327942693143e-08
1.324685624848e-08
1.321446841037e-08
1.318223563982e-08
1.3150247537e-08
1.311841309038e-08
1.308675082724e-08
1.305526145138e-08
1.302390076551e-08
1.299273703026e-08
1.296180022019e-08
1.293103950296e-08
1.290037848761e-08
1.286988295281e-08
1.283955304341e-08
1.280934924126e-08
1.277927680404e-08
1.274936775583e-08
1.27196063185e-08
1.268996272904e-08
1.266049129787e-08
1.263116664985e-08
1.260202323341e-08
1.257305641309e-08
1.254422523627e-08
1.251552580901e-08
1.248699670637e-08
1.245864442402e-08
1.243044902294e-08
1.240236975474e-08
1.237439548326e-08
1.234657832237e-08
1.231885495923e-08
1.229125538419e-08
1.226379385461e-08
1.223640540263e-08
1.220917238808e-08
1.218202564395e-08
1.215496215095e-08
1.212803501251e-08
1.210122735986e-08
1.207454862294e-08
1.204794777659e-08
1.202146811326e-08
1.199509238877e-08
1.196885538442e-08
1.194275721162e-08
1.191674598201e-08
1.18908733482e-08
1.186508562142e-08
1.183942989484e-08
1.181390627373e-08
1.178849352645e-08
1.176322041564e-08
1.173801917552e-08
1.171293429679e-08
1.168798261665e-08
1.166315507945e-08
1.163840354968e-08
1.161374114686e-08
1.158918210892e-08
1.156470423431e-08
1.154030775404e-08
1.15159614321e-08
1.149170269261e-08
1.146753219809e-08
1.144346111016e-08
1.14195162108e-08
1.139564939753e-08
1.137189779104e-08
1.134827560707e-08
1.132470220488e-08
1.130125117918e-08
1.12779226226e-08
1.125464707274e-08
1.123148874364e-08
1.120842371564e-08
1.118541069892e-08
1.116250336724e-08
1.113968214194e-08
1.111697918757e-08
1.109439459208e-08
1.107184738829e-08
1.104940368272e-08
1.102703927328e-08
1.100478115042e-08
1.098262939345e-08
1.096054227651e-08
1.093856849962e-08
1.091670409092e-08
1.089491571454e-08
1.08731981737e-08
1.085158805897e-08
1.083006661473e-08
1.080865455287e-08
1.078732079303e-08
1.076606848544e-08
1.074494454787e-08
1.072392296653e-08
1.070300435851e-08
1.068219915258e-08
1.066149256391e-08
1.06408870929e-08
1.062039378619e-08
1.059999655238e-08
1.057971230546e-08
1.055949563945e-08
1.053937089674e-08
1.051933885834e-08
1.04993894754e-08
1.047954518263e-08
1.045982691321e-08
1.044020621405e-08
1.042066508581e-08
1.040120097497e-08
1.038182289292e-08
1.036255764053e-08
1.034338130557e-08
1.032426552835e-08
1.030524627125e-08
1.028631478563e-08
1.026747334692e-08
1.024873088471e-08
1.023002860869e-08
1.021142670534e-08
1.019292524313e-08
1.01744558133e-08
1.015607689714e-08
1.013777411333e-08
1.011956958753e-08
1.010145561153e-08
1.008343407192e-08
1.006549257553e-08
1.004763810175e-08
1.002988317289e-08
1.001220715522e-08
9.994613677124e-09
9.977103493203e-09
9.959677291007e-09
9.942356445857e-09
9.925133697882e-09
9.907974462876e-09
9.890904530418e-09
9.873938355765e-09
9.857047462666e-09
9.840228142347e-09
9.823525897992e-09
9.806878764783e-09
9.790338988418e-09
9.773900998776e-09
7.34703732092e-09
2.577064973835e-09
-7.158133682752e-09
7.400670299307e-09
2.603137461472e-09
-7.135790026236e-09
6.201586361011e-08
6.103075482343e-08
5.904799181093e-08
5.619092133726e-08
5.286312511263e-08
4.953827304406e-08
4.628969864238e-08
4.328919325876e-08
4.049974822169e-08
3.78798809426e-08
3.548881485987e-08
3.326605514063e-08
3.11965881006e-08
3.118946530521e-08
3.110041716759e-08
3.088775199161e-08
3.062557705648e-08
3.027610426766e-08
3.177658214097e-08
3.327258443159e-08
3.483678591727e-08
3.64034278367e-08
3.793304378205e-08
3.943080612969e-08
4.084923393718e-08
4.213612321404e-08
4.324303494068e-08
4.406131834822e-08
4.460676266845e-08
4.48335167287e-08
4.483339957342e-08
4.461051641065e-08
4.40721766094e-08
4.320464342117e-08
4.209308617708e-08
4.083598570716e-08
3.939481855629e-08
3.788201413328e-08
3.633281391983e-08
3.480511867256e-08
3.323856696001e-08
3.174010207464e-08
3.025335522177e-08
3.058545702522e-08
3.08629482922e-08
3.105601280411e-08
3.116194237168e-08
3.115046731598e-08
3.323007499508e-08
3.546346185143e-08
3.786030645874e-08
4.045383585681e-08
4.326878510788e-08
4.631419464796e-08
4.944154507811e-08
5.288808927277e-08
5.609077828385e-08
5.905349613076e-08
6.112452691892e-08
6.20152205363e-08
-3.475755477643e-09
-3.473280468472e-09
-3.468845018925e-09
-3.462754477654e-09
-3.453393471623e-09
-3.443461727904e-09
-3.431867092851e-09
-3.418332508482e-09
-3.403201182945e-09
-3.386827474759e-09
-3.468132549862e-09
-3.556870414255e-09
-3.655731111856e-09
-3.760953629951e-09
-3.877017795863e-09
-3.895410806504e-09
-3.911965595397e-09
-3.923582308031e-09
-3.93994697444e-09
-3.951063346631e-09
-3.961972229236e-09
-3.968199519143e-09
-3.973613443033e-09
-3.976515757772e-09
-3.976520619549e-09
-3.97367981399e-09
-3.968318733907e-09
-3.962159058326e-09
-3.951347295224e-09
-3.940530242107e-09
-3.926691409076e-09
-3.913925149034e-09
-3.897491414831e-09
-3.878266487944e-09
-3.763180536674e-09
-3.657483894769e-09
-3.559897740168e-09
-3.471205262489e-09
-3.389893240008e-09
-3.406331064991e-09
-3.421575025602e-09
-3.434524945281e-09
-3.445172426681e-09
-3.454169174719e-09
-3.462904635079e-09
-3.468814584712e-09
-3.4732796724e-09
-3.475860941111e-09
-4.03591258899e-08
-3.983800346233e-08
-3.876610929207e-08
-3.68025609329e-08
-3.429427824669e-08
-3.609078713955e-08
-3.72442068654e-08
-3.788173147138e-08
-3.779435953618e-08
-3.692632678541e-08
-4.04015080745e-08
-4.292119942323e-08
-4.412161990481e-08
-4.466236557433e-08
-4.466226117411e-08
-4.412156580008e-08
-4.292350202435e-08
-4.040922214762e-08
-3.694305775106e-08
-3.779754451378e-08
-3.792088909724e-08
-3.722036201806e-08
-3.613670531376e-08
-3.4215942692e-08
-3.685101654435e-08
-3.876083394587e-08
-3.984330806193e-08
-4.035920786358e-08
7.987573819347e-08
7.912446103147e-08
7.728323420847e-08
7.418260100459e-08
6.97620619292e-08
7.084687103244e-08
7.101203243154e-08
7.057042004292e-08
6.923768607001e-08
6.715402563733e-08
7.076986972917e-08
7.331139908074e-08
7.47008463143e-08
7.540779629867e-08
7.541632668881e-08
7.470321964391e-08
7.318139822393e-08
7.073422396827e-08
6.711198284913e-08
6.925279853559e-08
7.05978009766e-08
7.098765863129e-08
7.081979024764e-08
6.976431686881e-08
7.421957778422e-08
7.750493758276e-08
7.914279270436e-08
7.988488263796e-08
8.194031653192e-09
8.143382254516e-09
7.711979829115e-09
7.663155691787e-09
7.486355068625e-09
7.431771669317e-09
              0
              0
              0
              0
              0
              0
              0
              0
              0
              0
              0
              0
              0
-1.87628164784e-13
-2.56257259953e-13
7.598914151999e-09
7.374422261094e-09
7.546822642628e-09
              0
              0
-3.438539221474e-09
-3.235834618976e-09
-3.495490708313e-09
-3.945973249641e-09
-4.007782410563e-09
-9.151444321093e-09
-6.134827226367e-09
              0
              0
-3.94952840728e-08
-4.117368662848e-08
-4.503190552084e-08
-4.349470511708e-08
-4.424511019633e-08
-4.004269550614e-08
7.844598023243e-08
7.438333294887e-08
8.037246064709e-08
7.935513747435e-08
7.638404314462e-08
6.266973397877e-08
7.436566409816e-08
-9.178216738968e-09
-6.240070701686e-09
7.318063906333e-09
6.133575734158e-08
9.766404882863e-09
9.76533523104e-09
-6.263577331274e-13
-2.201285664036e-12
              0
              0
-3.42083651989e-09
-3.456921157185e-09
-8.623909612074e-09
              0
              0
-8.646650815382e-09
9.77003470917e-09
9.769711091629e-09
-2.319827140573e-12
              0
              0
-8.303166686569e-09
              0
              0
-8.338841985509e-09
9.770784085094e-09
9.770643553548e-09
              0
              0
-8.093613961726e-09
              0
              0
-8.116225830237e-09
9.770832167804e-09
9.770804232529e-09
              0
              0
              0
              0
9.770773093839e-09
9.770766235532e-09
              0
              0
              0
              0
9.770714946958e-09
9.770712848615e-09
4.509359638092e-08
4.452174694694e-08
4.452187000197e-08
-1.281783964829e-12
-1.028782278046e-13
-3.402440590334e-12
-1.715725704701e-13
-3.22728587811e-12
9.780280720281e-09
9.780285309377e-09
-1.116086826866e-11
-1.328577430997e-11
7.208685762639e-09
7.586210355886e-09
5.159337679307e-09
7.162527203637e-09
7.643514570509e-09
5.143185520293e-09
-6.343988139278e-12
7.680489798951e-09
7.455523618325e-09
7.308911592334e-09
7.512749296806e-09
-3.396411783452e-09
-3.396763427445e-09
-3.474911064301e-09
-3.504654215011e-09
-3.929875292513e-09
-3.931090569531e-09
-4.02132833495e-09
-4.021293732413e-09
-9.024485096428e-09
-1.055283705012e-09
-3.891923468363e-08
-3.891826606294e-08
-4.141892276934e-08
-4.142127045491e-08
-4.503613648764e-08
-4.503587645688e-08
-4.215521146578e-08
-4.214729795725e-08
-4.386194384079e-08
-4.386291632318e-08
-4.286597817876e-08
-4.286343720774e-08
5.991667062914e-08
5.98698158292e-08
7.922438124676e-08
7.88648105498e-08
8.035138376565e-08
7.960944791988e-08
7.661315952558e-08
7.667092660305e-08
6.290923426603e-08
6.28795162652e-08
7.364273651646e-08
7.364365320345e-08
-9.05465867188e-09
-1.070220509511e-09
6.169887698503e-08
6.17197329156e-08
-3.182521951583e-09
-3.152983301551e-09
-3.543125282344e-09
-3.552188117479e-09
4.476543854605e-08
4.476125458348e-08
-7.163606099036e-09
-3.401136372909e-09
-3.401124440573e-09
-8.553221370589e-09
-3.917302376759e-08
-3.837478389801e-08
7.76495743374e-08
7.762455920019e-08
-8.575612134578e-09
-3.447057773641e-09
-3.447389259699e-09
4.481325410285e-08
4.400525478375e-08
-8.493215509089e-09
-6.067833938004e-09
-4.523852388068e-09
-8.295060476952e-09
-6.085804862639e-09
-4.511964294387e-09
4.511437486044e-08
4.481079514134e-08
-8.439179591166e-09
4.404263968364e-08
4.523133145416e-08
-1.096564370395e-12
-1.039508155172e-12
8.026693131963e-09
7.969076660473e-09
7.210556227823e-09
-3.266992239037e-13
-3.095396328945e-13
-1.766094539337e-13
-9.701184972542e-14
-5.249738776094e-13
-1.211515963011e-12
-1.187361324262e-12
-4.930954697996e-13
9.798419562758e-09
9.79850541524e-09
-4.359600697938e-08
4.541840982254e-08
-4.34424040178e-08
8.056264784426e-08
-3.504953660157e-09
-5.671949081156e-09
-1.100695708964e-09
-1.098504645146e-09
-3.719308584962e-09
-3.71922724324e-09
-4.350159118195e-09
-4.350215153246e-09
-5.238281409763e-09
-1.153045351122e-08
-6.832524385518e-09
-7.438575867053e-09
-9.232828999356e-09
-1.234305474767e-08
-1.600027755428e-08
-1.724569679214e-08
-2.190413303777e-08
-2.317858418089e-08
-2.88939425628e-08
-2.886907532472e-08
-4.572547764218e-08
-4.572161215212e-08
-9.26700343351e-09
-3.252090060327e-09
2.694243855285e-08
3.950278786851e-08
8.149954647285e-08
8.111200644604e-08
3.526457013027e-08
5.643887140504e-08
5.544304290194e-08
5.029162800294e-08
4.882765485716e-08
4.68176757304e-08
4.185181641901e-08
4.137147430097e-08
3.72784372838e-08
2.292710784387e-08
3.322031781647e-08
3.120888556921e-08
2.947774286525e-08
2.776499012689e-08
2.614308037655e-08
2.302140368949e-08
2.000794737902e-08
2.000903289698e-08
1.554603460868e-08
1.757716721386e-08
1.757331531015e-08
1.583039394226e-08
1.451939120184e-08
1.432300134399e-08
1.352914665043e-08
1.336042212811e-08
1.267364636504e-08
1.258721042671e-08
1.200639057031e-08
1.195621343479e-08
1.145357556374e-08
1.143211675056e-08
1.099233477508e-08
1.099388802753e-08
1.063122438926e-08
1.060837357409e-08
1.035285816076e-08
1.033291800639e-08
1.014657542674e-08
1.010974604113e-08
-1.61266263882e-10
-2.435535180963e-10
9.967505867403e-09
9.899233780208e-09
9.864793843682e-09
6.345627973876e-09
6.307784334595e-09
-1.778162790332e-11
-7.09425383262e-11
-3.577826386434e-09
-3.827607379777e-09
-3.827628823905e-09
-4.136713453716e-09
-4.136671147102e-09
-3.455875828281e-08
-3.620810789312e-08
-4.390043185495e-08
-4.390252963499e-08
-4.585309221462e-08
-4.585164082793e-08
7.662847742825e-08
5.263748951869e-08
8.148538064728e-08
7.935885054344e-08
7.962307932864e-08
6.668392000225e-08
6.54665821766e-08
7.035283889429e-08
7.037053621007e-08
5.878226729158e-08
5.879144230046e-08
-2.298631600028e-09
-2.589879934417e-09
-3.202519076728e-09
-9.214556507688e-09
-3.756078416376e-09
4.286190925032e-08
9.831690288908e-09
-2.752785997978e-08
4.686166979951e-08
-2.748394086239e-08
8.158035380147e-08
-3.577359555203e-09
-5.909829271007e-09
-5.562597851414e-09
-5.135938361929e-09
-9.21477134587e-10
-1.305721253887e-09
-1.763955515267e-09
-1.309246276531e-09
-9.130378407305e-10
-3.671790130301e-09
-3.671579588385e-09
-4.278939222701e-09
-4.430210252886e-09
-4.760731069054e-09
-4.508126539316e-09
-4.278798702849e-09
-5.041064140214e-09
-5.345787511951e-09
-5.788442982518e-09
-1.353835466834e-08
-1.234510816662e-08
-1.180888879673e-08
-1.128778236013e-08
-1.031131263267e-08
-6.41716795497e-09
-6.69481103577e-09
-6.983989115336e-09
-7.599427926917e-09
-7.287208050623e-09
-6.690719646373e-09
-8.649165291596e-09
-7.931570279272e-09
-7.604323018657e-09
-8.46485884991e-09
-9.043555295046e-09
-9.447957566921e-09
-1.031030921174e-08
-1.127196778057e-08
-1.20821209374e-08
-1.264979315079e-08
-1.386862950998e-08
-1.861943380822e-08
-1.724940150629e-08
-1.643376309661e-08
-1.564744943979e-08
-1.562376843977e-08
-1.642351704924e-08
-1.772618163057e-08
-1.962923441364e-08
-2.459676155597e-08
-2.261601755155e-08
-2.135000820697e-08
-2.260619713855e-08
-2.397706757946e-08
-3.003933222572e-08
-2.616826329745e-08
-2.806140228985e-08
-3.20835131724e-08
-3.0039537184e-08
-2.804557878883e-08
-4.545840542735e-08
-4.545635953624e-08
-1.545556916783e-08
-3.378964275884e-09
1.462442026588e-08
2.645405596741e-09
-9.359857011394e-09
3.345442315292e-08
1.478722742075e-08
4.640374450571e-08
3.340334666865e-08
8.133047652701e-08
8.176917396596e-08
3.46661822286e-08
3.560934760684e-08
3.693550606493e-08
5.559661007078e-08
5.366655785524e-08
5.662238450277e-08
4.962884167713e-08
5.270835666033e-08
5.116801360716e-08
4.821948918741e-08
4.962385209112e-08
4.626537260965e-08
4.753637582404e-08
4.095182530001e-08
4.238288812049e-08
4.189783202974e-08
4.096099879438e-08
3.919345636268e-08
3.80410610464e-08
3.695494287876e-08
3.558675063812e-08
2.249268168312e-08
2.270799154526e-08
2.303832270026e-08
2.349124893779e-08
3.406418075835e-08
3.351691782932e-08
3.297449426046e-08
3.193716745706e-08
3.075885574017e-08
3.14636884061e-08
3.244077695326e-08
3.054233626071e-08
2.989988076858e-08
2.928858072132e-08
2.850567633172e-08
2.742479069001e-08
2.795708426676e-08
2.86912832822e-08
2.726042332922e-08
2.661340810864e-08
2.630026949535e-08
2.599422866038e-08
2.540219921691e-08
2.408130299203e-08
2.348195855229e-08
2.325338649935e-08
2.291739901733e-08
2.247244757833e-08
2.117204902113e-08
2.052379497217e-08
2.026081087116e-08
2.009504628548e-08
1.992872169317e-08
1.960243953224e-08
1.952209604903e-08
1.976412230571e-08
1.992932913552e-08
2.009626677369e-08
2.043876592467e-08
1.492826925034e-08
1.523038219152e-08
1.540979604248e-08
1.550175024484e-08
1.559397990309e-08
1.578091002848e-08
1.764042166361e-08
1.751702006488e-08
1.727433286804e-08
1.84918908066e-08
1.79571128154e-08
1.664959604917e-08
1.715478790593e-08
1.73928515056e-08
1.751522937353e-08
1.763801972657e-08
1.788648987636e-08
1.588022997131e-08
1.5783516113e-08
1.559327249414e-08
1.649244048865e-08
1.612698497405e-08
1.456030908621e-08
1.448078379842e-08
1.432442115279e-08
1.501656429157e-08
1.472224131021e-08
1.384290250148e-08
1.409642902433e-08
1.420857790399e-08
1.42859126466e-08
1.436294796247e-08
1.451870704004e-08
1.349572746701e-08
1.33605631183e-08
1.387991590585e-08
1.370244823513e-08
1.359839332853e-08
1.297649385664e-08
1.316531139431e-08
1.32621241373e-08
1.332822911174e-08
1.339457674603e-08
1.352884499775e-08
1.27041714013e-08
1.264518648271e-08
1.252816153731e-08
1.300713405261e-08
1.282319567116e-08
1.227770507967e-08
1.244449884982e-08
1.252989572381e-08
1.261660979016e-08
1.273411562582e-08
1.203386544346e-08
1.198110858936e-08
1.187592490301e-08
1.224852981061e-08
1.170131417036e-08
1.182734450027e-08
1.190433783489e-08
1.19823504292e-08
1.208826637441e-08
1.147875048174e-08
1.143057727296e-08
1.133447958611e-08
1.164873226049e-08
1.12206395772e-08
1.133725340086e-08
1.138439079364e-08
1.145596615124e-08
1.155311131029e-08
1.101529785461e-08
1.097096252383e-08
1.08825983342e-08
1.114946863765e-08
1.081989411702e-08
1.090608877584e-08
1.094980411337e-08
1.101614664077e-08
1.110602335889e-08
1.048974369006e-08
1.057027497814e-08
1.061065083022e-08
1.065165197346e-08
1.062979160033e-08
1.058901039308e-08
1.0507795858e-08
1.073269635186e-08
1.025783636054e-08
1.031472192351e-08
1.037227628073e-08
1.035257035858e-08
1.031440635047e-08
1.023869565646e-08
1.003872283501e-08
1.00921518548e-08
1.012859204284e-08
1.01651418776e-08
1.012841449505e-08
1.009213169259e-08
-9.321781302697e-11
-2.407094893762e-10
-1.673474165078e-10
-4.594223587748e-10
9.950617727968e-09
1.002013194e-08
9.985459884437e-09
9.882366514083e-09
9.916567350782e-09
9.848333971366e-09
9.898950194656e-09
6.903720843445e-09
6.852350988119e-09
-3.623222369585e-08
-3.348938444979e-08
4.637059950072e-08
7.675756515836e-08
6.541870953831e-08
-2.595132933921e-09
-2.024366196533e-09
-2.794280865645e-09
-6.157766928106e-09
-5.344162624407e-09
-5.04175422839e-09
-5.913024924755e-10
-2.030936620497e-09
-4.590682279219e-09
-4.853849330975e-09
-4.676029367363e-09
-5.561772286666e-09
-5.909911982128e-09
-1.453616190848e-08
-1.38817783595e-08
-1.324866833035e-08
-1.26494986458e-08
-1.078898431836e-08
-1.009484257691e-08
-6.287188323898e-09
-7.285179620643e-09
-7.768012283156e-09
-6.982613878958e-09
-6.554322285563e-09
-8.471541219076e-09
-9.234825200779e-09
-8.847165901889e-09
-8.111952287102e-09
-8.288062515808e-09
-8.658087575772e-09
-9.870398142395e-09
-1.055403306923e-08
-1.154611512051e-08
-1.103693958276e-08
-1.32444801729e-08
-1.421239713467e-08
-1.818220093962e-08
-1.965979811026e-08
-1.526805220533e-08
-1.865203215717e-08
-2.021922347052e-08
-2.397336227402e-08
-2.546428872249e-08
-2.134488860372e-08
-2.547515185251e-08
-3.352843145002e-08
2.089892579576e-08
3.378061898391e-08
3.626304177523e-08
3.732004172962e-08
3.881057366634e-08
5.195929685853e-08
5.371899804708e-08
4.007307963302e-08
4.006127429553e-08
3.882958131462e-08
3.625911029745e-08
3.528952274525e-08
2.147092817841e-08
2.19711187978e-08
2.228134168727e-08
2.326377949125e-08
2.360973862849e-08
2.408141372764e-08
3.437486527989e-08
3.244685792879e-08
3.170714773172e-08
2.988978142465e-08
3.031937234549e-08
3.194527198193e-08
3.271318464971e-08
3.100165565791e-08
3.033225533988e-08
2.889274761353e-08
2.832815676935e-08
2.658837055127e-08
2.708762864724e-08
2.831974953595e-08
2.889390350566e-08
2.777891738186e-08
2.743719795935e-08
2.710088592571e-08
2.677557716229e-08
2.569514943953e-08
2.526551538821e-08
2.47162899504e-08
2.433377443745e-08
2.39641779295e-08
2.360519521056e-08
2.269390802661e-08
2.237491505422e-08
2.195396858148e-08
2.155842907945e-08
2.13665097548e-08
2.108171620275e-08
2.079720654841e-08
2.061852084244e-08
2.043967615725e-08
1.976432926203e-08
1.952648504476e-08
1.921808079818e-08
1.869748747918e-08
1.913652389208e-08
1.936779342802e-08
1.960477053147e-08
2.02659215424e-08
2.053082770598e-08
2.089521704543e-08
1.472030574785e-08
1.484529988368e-08
1.497240470244e-08
1.509937240604e-08
1.518814123564e-08
1.527644032867e-08
1.536594467774e-08
1.568697456438e-08
1.583089793556e-08
1.602614827031e-08
1.776582622742e-08
1.739513137036e-08
1.721689024739e-08
1.698538784211e-08
1.877559377961e-08
1.863301438079e-08
1.842409646099e-08
1.815327867569e-08
1.802267939506e-08
1.78934098426e-08
1.633189307645e-08
1.648936230628e-08
1.659804041819e-08
1.670640509717e-08
1.692504940311e-08
1.704026573888e-08
1.721585131218e-08
1.733476091872e-08
1.776164286164e-08
1.79544284942e-08
1.821482160522e-08
1.597807142523e-08
1.568793945724e-08
1.554812590517e-08
1.53655282118e-08
1.670817563452e-08
1.659991710344e-08
1.643987495694e-08
1.628103563963e-08
1.617932125513e-08
1.607809646815e-08
1.46407884261e-08
1.440219929956e-08
1.428679465136e-08
1.413575817637e-08
1.497424347361e-08
1.518930752985e-08
1.510262638879e-08
1.484781107619e-08
1.476419874796e-08
1.370167326755e-08
1.377242859682e-08
1.387963110708e-08
1.398680266176e-08
1.406095075107e-08
1.413494693684e-08
1.444045292081e-08
1.455968042302e-08
1.342792040605e-08
1.332824732895e-08
1.319718580766e-08
1.384447412625e-08
1.398838617735e-08
1.391628625958e-08
1.366802899169e-08
1.373804678327e-08
1.285412289998e-08
1.294625245997e-08
1.300804991727e-08
1.310210665381e-08
1.31979979516e-08
1.346140469153e-08
1.356383590739e-08
1.276349450123e-08
1.258650464629e-08
1.250051053795e-08
1.238668901738e-08
1.29767665514e-08
1.310139514502e-08
1.303911680464e-08
1.288436452832e-08
1.219582755533e-08
1.225034801588e-08
1.230526523802e-08
1.238858719173e-08
1.247296011052e-08
1.267515297776e-08
1.276429423214e-08
1.211285439655e-08
1.192842674366e-08
1.185126617035e-08
1.230400853007e-08
1.222199766436e-08
1.162680998409e-08
1.16761387604e-08
1.172605287609e-08
1.180172030026e-08
1.185278297956e-08
1.203513410038e-08
1.211498293176e-08
1.155090523464e-08
1.138242294316e-08
1.131202021506e-08
1.174844701784e-08
1.169894857672e-08
1.162512038002e-08
1.117449909857e-08
1.124355947828e-08
1.131350471701e-08
1.150439261224e-08
1.157738871684e-08
1.105970329974e-08
1.092669373705e-08
1.086168218674e-08
1.121815319347e-08
1.117314100703e-08
1.112756458642e-08
1.073493692429e-08
1.077716678989e-08
1.084121730574e-08
1.088436165938e-08
1.106094100982e-08
1.112868352774e-08
1.043057435813e-08
1.046993589281e-08
1.050970167939e-08
1.054988487302e-08
1.069311579552e-08
1.067063815274e-08
1.054829813304e-08
1.048876645883e-08
1.079625333249e-08
1.075467535641e-08
1.071264865827e-08
1.022058681718e-08
1.027686857457e-08
1.040974901198e-08
1.027641800256e-08
1.02204450277e-08
9.985769477917e-09
1.00211044939e-08
1.005659668574e-08
1.0164963276e-08
1.005601565202e-08
9.951024983881e-09
6.445501744461e-09
6.377686761807e-09
-4.85336920149e-09
-1.491188045719e-08
-9.655748082946e-09
3.352011716719e-08
3.408669504778e-08
3.805440823907e-08
3.924431185927e-08
2.117961135184e-08
2.137381571607e-08
2.156958083764e-08
2.186911417541e-08
2.207332355172e-08
2.384475205877e-08
2.421008902754e-08
2.471217955048e-08
2.94879738168e-08
2.567296884568e-08
2.612141722467e-08
2.644370117603e-08
2.676326045946e-08
2.796415458525e-08
2.498847687447e-08
2.459139053063e-08
2.216306811373e-08
2.186056786283e-08
2.166214432621e-08
2.089419399752e-08
1.937106662362e-08
1.914379101364e-08
1.848656286283e-08
1.863018178744e-08
1.877269390563e-08
1.899016788444e-08
1.921597967343e-08
2.071171925504e-08
2.099066098851e-08
1.468086701808e-08
1.476297858783e-08
1.505795429307e-08
1.592800979134e-08
1.60775826795e-08
1.71002179286e-08
1.692980516132e-08
1.892196225474e-08
1.828777382972e-08
1.622972569681e-08
1.638573496955e-08
1.681525707149e-08
1.808398055e-08
1.828524829148e-08
1.545631687151e-08
1.532180438305e-08
1.676327507024e-08
1.633441902246e-08
1.421095779319e-08
1.40989907033e-08
1.523352962485e-08
1.488980432102e-08
1.366756799144e-08
1.39516304249e-08
1.326247580544e-08
1.316576734497e-08
1.402534211437e-08
1.282437474588e-08
1.288503134666e-08
1.244344935445e-08
1.235972260525e-08
1.216879491452e-08
1.214067206546e-08
1.208707442278e-08
1.179976825742e-08
1.157615117044e-08
1.152735272181e-08
1.126500486236e-08
1.041109783005e-08
1.044913688001e-08
1.081855952103e-08
1.03910166298e-08
6.40569561348e-09
6.345520443248e-09
2.445876947317e-08
2.485159481339e-08
2.524619179897e-08
2.554032743732e-08
2.583254103087e-08
1.842126024071e-08
2.511982667877e-08
7.559686998826e-09
6.100532101995e-08
6.09117841489e-08
-3.421891188699e-09
1.309885962475e-09
1.183889019144e-09
-1.598818958663e-09
6.824975440799e-09
-4.744675417312e-09
-4.75257449633e-09
-9.394321156847e-09
4.837144273999e-08
4.307268690371e-08
-3.826105794817e-11
-7.136344932185e-10
9.862271857146e-09
9.819759668419e-09
9.929339822774e-09
-3.130390521887e-08
-1.636012368466e-09
-3.543120100839e-10
-6.088082839456e-09
-6.382181343516e-09
-8.011069317701e-09
-2.0552197849e-08
-1.467728434288e-08
-2.645396481258e-08
5.034448217983e-08
3.478053049557e-08
3.140732780167e-08
2.377260009665e-08
1.378988329992e-08
1.304378583151e-08
1.2938875309e-08
1.23376648479e-08
1.176398185451e-08
1.127885232013e-08
1.109906853038e-08
1.018638370707e-08
1.019765740395e-08
3.307948372224e-08
2.171671037229e-08
2.9109065682e-08
1.885123843369e-08
1.461751852651e-08
1.905464898185e-08
1.613460479654e-08
1.684488421725e-08
1.361402064775e-08
1.217937510542e-08
7.242731950004e-08
7.836523927867e-08
7.340122047903e-08
7.838968415521e-08
-1.661356112908e-08
3.827260085112e-09
7.411542228044e-09
7.372831060679e-09
5.901344642947e-08
-3.323833193785e-09
-3.399504852914e-09
-3.546063526203e-09
-3.669293141596e-09
-3.731183769259e-09
-3.758855131317e-09
-2.908403486954e-08
-4.093185035845e-08
-4.217321284694e-08
-3.076258276001e-08
6.413190443132e-08
7.690366973539e-08
7.526010911563e-08
5.953916662439e-08
-3.670459968656e-09
-3.548440304685e-09
-3.326970229022e-09
-3.725848562874e-09
-3.460426353712e-09
-3.402992934532e-09
-2.972158528393e-08
-4.094399597787e-08
-4.218578988564e-08
-3.251454008492e-08
6.412324075124e-08
7.672724016344e-08
7.547820498765e-08
5.956878413159e-08
-3.785900664368e-09
-3.613664022189e-09
-3.785595640745e-09
-4.193464002246e-09
-4.193587571839e-09
-4.307706507999e-09
-7.745411371764e-11
-4.323047020778e-09
-4.973495846905e-09
-1.628068352443e-08
3.794758062238e-08
2.270171263791e-08
2.989219627671e-08
2.32232065109e-08
1.36102835437e-08
1.251173309465e-08
1.188958931513e-08
1.138391145162e-08
1.094874437205e-08
1.030269336804e-08
-5.377503856902e-09
-5.485983758904e-09
-1.083494479986e-08
-7.175200825825e-09
-7.028030670705e-09
-9.701738833805e-09
-1.296478512569e-08
3.431025644209e-08
3.590203629689e-08
4.001190890776e-08
3.996371514229e-08
3.62061098094e-08
3.241491430333e-08
3.04161443119e-08
3.168488400371e-08
2.890515338076e-08
2.710385045972e-08
2.813192833795e-08
2.572338255748e-08
2.434185616539e-08
2.134542438223e-08
1.977858969135e-08
1.929863970736e-08
2.019392592512e-08
1.481224801335e-08
1.565085603761e-08
1.741307206792e-08
1.862369032295e-08
1.70280117155e-08
1.770852517184e-08
1.570214761184e-08
1.659503410176e-08
1.461234250944e-08
1.4414514348e-08
1.509913753061e-08
1.376790371578e-08
1.441147712508e-08
1.343894139814e-08
1.343751232587e-08
1.27430168092e-08
1.259493257572e-08
1.265652394567e-08
1.193558775028e-08
1.231230274951e-08
1.201999379896e-08
1.138838206701e-08
1.169469671257e-08
1.116169281095e-08
1.093316427638e-08
1.077656172606e-08
1.055342348131e-08
1.028247138638e-08
1.006144746193e-08
9.940280958124e-09
-9.702058720087e-09
3.76480176136e-08
2.375626971974e-08
2.500959218655e-08
2.216459261828e-08
1.939080362135e-08
2.06430675481e-08
1.589084415806e-08
1.711441784499e-08
1.802935971198e-08
1.546889596485e-08
1.422455116753e-08
1.327266567162e-08
1.245153427504e-08
1.127127731415e-08
1.045456499334e-08
3.054841939362e-09
2.975389859889e-09
2.433869225214e-08
8.419649392586e-09
6.666993180246e-09
6.986930682649e-09
6.231664315125e-09
-5.933678763578e-09
-2.168685076139e-08
5.247071325351e-08
-3.563487255845e-09
-3.25916835873e-08
-3.337141094928e-08
6.319304279225e-08
-3.57753012939e-09
-3.159270567946e-08
-3.311588087736e-08
6.319525752408e-08
-3.609044764984e-09
-4.536432104844e-09
-4.236376780132e-09
-4.237795039816e-09
-4.520496137281e-09
-4.097061206409e-09
-4.134199348297e-09
-4.116904141141e-09
-1.812538081375e-08
2.223360450024e-08
2.319150272482e-08
2.269786993994e-08
1.149162996611e-08
1.104858394141e-08
3.04342315385e-08
1.830682185699e-08
1.677400673233e-08
1.180556882879e-08
1.068236499971e-08
-3.776775784025e-09
-4.754877429693e-09
6.380345344014e-08
6.37328205612e-08
-2.446719122584e-12
-1.795269200805e-11
-1.789529965504e-11
-2.214880721511e-12
-3.319061552317e-08
-2.930791699561e-08
4.987448956883e-08
-8.505154964175e-11
-1.287997721821e-09
-2.557987200565e-08
-8.232941830913e-10
4.742005835738e-08
1.392272347595e-08
1.293591194834e-08
1.302890384881e-08
1.224458472961e-08
1.166059837191e-08
1.012300211801e-08
2.128182869399e-08
1.858155240287e-08
4.464344509055e-09
-1.093060145835e-08
-6.468051839652e-09
-8.574694397076e-09
3.368668751841e-08
1.207930279165e-08
9.973467140068e-09
1.115673881578e-08
7.679568953975e-09
9.874983455711e-09
4.19611108555e-08
1.045484987675e-08
-1.368081113732e-08
4.201281216434e-08
2.733962728249e-08
2.568741953103e-08
2.057535059455e-08
1.513798979428e-08
1.776497044009e-08
1.597476437681e-08
1.402111158918e-08
1.319950266921e-08
1.075192296681e-08
1.065620924612e-08
-1.725947117429e-08
-2.062246391101e-08
1.637818769504e-08
-4.887618074092e-09
-2.733024717908e-08
7.683154599608e-09
2.537533545191e-08
2.626695951027e-08
2.035590028901e-08
1.619277068729e-08
1.414265545227e-08
-1.637989949436e-08
-2.624321760043e-08
6.296077253588e-09
-8.071883870742e-10
5.603131840977e-08
-8.142525330475e-10
-2.628623501759e-08
5.602907132998e-08
8.602679424993e-09
-4.576518468563e-09
-4.602644014402e-09
-1.882567472546e-08
-1.737534331673e-09
-1.892149807091e-09
8.341342307837e-09
-4.376625226178e-09
-4.400801699689e-09
2.653148744333e-08
3.168532636731e-08
3.943739801619e-08
3.565844855298e-08
4.608943873339e-08
4.258746919869e-08
4.183888816195e-08
3.561979799145e-08
3.165627544087e-08
2.672036361468e-08
1.035284687076e-08
1.035378327056e-08
-3.578882900564e-09
5.34975765984e-08
-3.580869432169e-09
5.75534964142e-08
5.002596940838e-08
3.718855301859e-08
3.434512178959e-08
4.137983767986e-08
-8.176963604758e-09
1.01856761952e-08
5.628366323209e-08
-3.3834327059e-09
2.259977637599e-08
1.69670131273e-08
1.164361160703e-08
1.077802845944e-08
5.345562691221e-08
4.631545463137e-08
-2.396760692766e-08
-1.924912424955e-10
2.615480759189e-08
2.034704644555e-08
-1.280409974185e-08
3.998072113462e-08
2.966305484e-08
9.877553330407e-09
1.614463178395e-08
6.943699057676e-09
-2.669048101369e-10
-1.921681790549e-08
-2.056811511126e-08
2.772945257051e-08
2.885391920774e-08
3.20851348227e-08
3.949405652038e-08
4.615160012678e-08
3.628563706034e-08
3.317102876838e-08
3.486801066454e-08
3.930927630015e-08
4.872679327434e-08
4.227567656551e-08
4.553189944195e-08
4.24277585425e-08
3.666752415538e-08
4.343105359453e-08
4.693645706933e-08
4.225291148277e-08
3.861090993557e-08
3.838413774096e-08
3.48260558064e-08
3.313082689032e-08
3.205187647373e-08
2.649205301772e-08
2.855499063711e-08
2.829573967734e-08
9.056849120919e-09
6.579394696049e-09
9.032960426573e-09
6.389399789665e-09
4.89916528171e-08
3.606545952549e-08
3.931073339601e-08
3.728192729855e-08
3.5777146918e-08
3.249578341731e-08
-8.243746248027e-09
9.406444968918e-09
5.219423719079e-08
-3.254936999369e-09
-1.700138163589e-09
-3.373491218753e-09
5.365599613844e-08
-2.68833589613e-08
-2.100373484394e-08
4.059222852573e-08
3.840501550462e-08
4.119473548915e-08
3.037160527979e-08
3.248944268224e-08
8.903128094703e-09
5.326927010784e-09
-1.036290191022e-10
              0
-5.173830341293e-10
-1.562336016166e-08
2.771636402544e-08
2.943259896832e-08
4.557784832874e-08
3.818285452283e-08
4.299123883072e-08
3.674709169173e-08
4.91671021659e-08
3.411261100723e-08
2.881908055588e-08
4.602819266796e-08
5.355956773228e-08
3.582879060033e-08
3.877235829809e-08
3.333515926979e-08
3.008924148564e-08
-7.580200406692e-09
-8.908928070725e-09
-3.328319055892e-09
-3.56329253467e-09
5.7077098125e-08
-2.304769967536e-08
-2.302013301707e-08
4.210696689402e-08
3.330696380394e-08
6.564473129197e-09
5.951296184207e-09
-9.262742846365e-10
-7.40196873953e-10
-2.02185858452e-08
-1.69820565397e-08
2.914847751295e-08
2.858253894586e-08
2.847504869288e-08
4.956901598219e-08
4.270123306567e-08
4.049494934233e-08
3.697882684142e-08
4.399037538507e-08
4.599533521541e-08
3.438185399186e-08
3.93579864782e-08
5.0309818794e-08
4.566497022421e-08
4.654397332591e-08
3.689658417444e-08
3.942416322241e-08
3.417333324014e-08
3.164044233158e-08
3.059458952362e-08
-6.300694154812e-09
-9.362648162016e-09
3.414764845783e-08
3.166713809834e-08
6.956990430447e-09
7.73594089199e-09
-2.059496223592e-08
-1.772030545444e-08
2.686571516147e-08
5.103411442847e-08
4.29602573595e-08
4.73325629698e-08
4.412966770689e-08
4.415644353523e-08
5.13135283197e-08
3.562188665155e-08
4.000618014931e-08
3.318990746977e-08
2.807789046475e-08
-7.246225284524e-09
-9.853648584316e-09
3.292329092111e-08
3.10067128576e-08
2.39188238556e-08
5.322691420469e-08
4.132980136867e-08
3.968334463146e-08
4.473198034107e-08
3.231783905075e-08
2.940288473845e-08
2.926776776961e-08
2.894127239626e-08
-7.591563001766e-09
-8.098323283015e-09
-9.549553058891e-09
-8.880483106392e-09
3.314933290252e-08
2.890165306679e-08
2.558052083923e-08
4.463591838773e-08
4.269371816794e-08
3.506976573081e-08
3.192294297434e-08
2.7514981938e-08
2.439020172989e-08
2.67688580316e-08
2.862769275085e-08
2.566212489435e-08
2.446739651782e-08
-1.144250888104e-08
-1.156467599782e-08
-2.613851696034e-08
-2.064633400175e-08
-2.248500417989e-08
2.584923206468e-09
-9.628087481437e-10
2.254229685552e-09
2.574621721891e-09
-2.424862445699e-09
-1.001383471539e-09
2.198276937455e-09
5.173301671482e-09
-4.683068444433e-09
-4.386153311421e-09
-1.469402718167e-08
2.307594544093e-08
1.134222756764e-08
1.857215725653e-08
-1.352269899114e-11
-1.692669940891e-10
-1.687535814397e-10
-1.198512936856e-11
-2.806305662187e-08
-4.177777806363e-10
1.344875172796e-08
1.42635986471e-08
1.256681705074e-08
1.262622716361e-08
1.194535324463e-08
2.017477638617e-08
-2.297555264974e-08
9.311246302906e-09
-8.711991225363e-09
-5.94202256883e-09
-6.094275249347e-09
-5.440983136878e-09
-6.161852579588e-09
-5.586761112183e-09
-5.104959525415e-09
-9.046560785058e-09
1.003953072253e-08
2.84697727629e-08
1.047462779056e-08
1.566952113666e-08
-4.542859280901e-09
-3.079652339899e-08
2.459158132193e-08
1.994515478728e-08
1.42653879941e-08
-1.52450443147e-08
5.490942523506e-08
2.326843817343e-08
4.146007941249e-08
4.446690105574e-08
5.494473389452e-08
3.070565253577e-08
-2.010031138207e-09
-1.323220933542e-09
6.763182266996e-09
-4.096638975285e-09
-4.110386640046e-09
-4.942539650193e-09
5.830699687162e-08
4.171046541604e-08
9.440111734482e-09
1.220230442431e-08
1.011947470135e-08
9.550719633765e-09
1.115856927676e-08
8.581334490156e-09
1.040486055522e-08
8.855365695979e-09
7.551736380108e-09
1.772862737361e-08
1.184694593741e-08
1.129515627015e-08
1.094250752634e-08
4.845465844903e-08
5.102622796353e-08
4.942925706171e-08
3.724199526922e-08
-1.407954571524e-08
-1.180621888932e-08
-1.127288123207e-08
1.714135267685e-08
1.550766358354e-08
3.541749676382e-08
3.435767702737e-08
3.681561042479e-08
2.735308672953e-08
3.466321000032e-08
3.287078247366e-08
3.408824650469e-08
3.226016334466e-08
4.044562071865e-08
4.119328938276e-08
3.70117735869e-08
3.630053664125e-08
3.404673600735e-08
3.222335729984e-08
1.018718880993e-08
3.665417896868e-09
7.47419088665e-09
4.148809795562e-09
1.018719409575e-08
5.851386368701e-09
8.99427030207e-09
1.51610139579e-08
1.202387235223e-08
5.180525743144e-08
4.903005643895e-08
4.893070392753e-08
-1.832297492252e-08
3.82707211627e-08
3.581167954779e-08
8.723815927935e-09
8.185214873706e-09
9.639210423301e-09
9.452614915709e-09
1.030037211367e-08
-9.146127023113e-11
              0
-4.000486140016e-10
3.456780807445e-08
3.260372694407e-08
3.272157333299e-08
2.732952176864e-08
3.746802559865e-08
3.780491156521e-08
3.908988245623e-08
3.624920692957e-08
-4.005558058204e-09
-2.54608296594e-08
-2.353610363914e-08
-3.157849061132e-10
3.887599558066e-08
4.119111559541e-08
5.093335405024e-08
4.686930375062e-08
4.36018636017e-08
4.735181318693e-08
4.308664882742e-08
3.944256322095e-08
3.910630539169e-08
4.630962221767e-08
5.652498658354e-08
5.386677218424e-08
4.752669519723e-08
5.12553045044e-08
5.666809448805e-08
3.845879137788e-08
3.746567653328e-08
3.796209112501e-08
3.056671095197e-08
-8.735759802831e-09
-7.410333551863e-09
-9.403305286784e-09
-1.053649638849e-08
-7.92082642186e-09
3.467744615235e-08
3.451070712203e-08
2.530381883086e-08
2.35970746873e-08
2.412946232886e-08
1.924799192651e-08
-1.035969644191e-08
-1.067999046261e-08
-2.610000714017e-08
-1.916336212834e-08
5.035077624214e-09
5.044838861161e-09
-1.167894433622e-09
-4.625880096467e-10
-5.875556658631e-09
-5.89757941245e-09
-1.02759888461e-08
4.950900590411e-09
-4.972949171005e-10
4.538775390755e-10
3.373619800986e-10
-1.172719014862e-09
4.174646343689e-09
-4.721712622405e-09
-1.620400134648e-08
2.489121832619e-08
2.226896924932e-08
-9.150291790984e-12
-6.503217392712e-11
-6.469488806936e-11
-8.369797139261e-12
-2.420762623295e-08
-2.223985085434e-08
1.33328908816e-08
1.448266795707e-08
1.250180152597e-08
1.683898512794e-08
-7.301727911968e-09
-4.937770864181e-09
-4.922890436554e-09
-4.612785516673e-09
3.121355546658e-08
1.057981381939e-08
-1.280363732892e-08
6.664982603684e-08
-1.29927550693e-09
-5.767316697128e-10
-9.878878886656e-10
-1.318948556133e-09
5.661980367643e-09
7.230660098057e-09
-4.091249522673e-09
-4.314761799641e-09
-4.143403399199e-09
-3.91226397727e-09
-3.990505083007e-09
-4.618627451524e-09
-4.678073138004e-09
-5.604473727377e-09
-1.505294325923e-08
-1.240736138937e-08
-1.291347072706e-08
3.32883047535e-08
3.77401596718e-08
2.607744151708e-08
2.953158227129e-08
3.446176879136e-08
3.31827751009e-08
3.98499930048e-08
3.743708128622e-08
3.314490362769e-08
4.972501120052e-08
-1.896071866829e-08
1.232494577525e-08
2.968710338132e-08
-1.789098433573e-08
4.112966955683e-08
4.191322069257e-08
2.184598991181e-08
-1.082844351365e-08
-1.065596325775e-08
5.837152663146e-09
-2.650353966167e-09
-1.269480043086e-08
2.016321144098e-09
-1.179008915561e-08
-1.267300955672e-08
-1.095871155259e-08
-1.063147189036e-08
-1.125773687891e-08
-1.225189293775e-08
-1.941782549831e-08
1.151917054118e-08
-4.359429534929e-09
-1.625126629437e-08
1.300816816059e-09
-5.361125673185e-09
1.7384877795e-09
-1.270971501548e-09
3.897593361608e-09
-3.704016354511e-10
-8.492711674931e-09
-5.500638164262e-09
-7.742573247288e-09
-4.126186425602e-09
-8.34022633027e-09
-5.317951602139e-09
-8.085253077959e-09
1.686421434625e-09
2.78347436096e-09
-3.081704474494e-09
4.507378481987e-09
4.900210380932e-09
3.895561088324e-09
3.36215866286e-09
-1.892082535374e-08
2.453723328015e-08
-2.687562918234e-08
-2.475465849228e-08
-2.497143980085e-08
-2.177103057383e-08
-2.221437791259e-08
-1.66222163357e-08
-2.31567207453e-08
-1.829101347445e-08
3.418580747495e-08
4.831101500842e-09
-2.533078247742e-08
-6.382327581161e-09
-4.664278369584e-09
-1.877544781487e-09
1.724211044437e-08
              0
-1.673706719495e-10
5.68830715119e-09
6.380543084244e-09
7.642852951131e-09
6.920240025945e-09
-3.799220698363e-09
-3.644410224568e-09
-4.04863641851e-09
-4.50968946315e-09
-5.634092867647e-09
-5.255910092237e-09
-1.401807652367e-08
-1.512987166189e-08
2.753626979988e-08
2.353520399536e-08
3.03907670821e-08
2.828136478747e-08
2.96245115988e-08
1.166763514795e-08
1.102658340112e-08
1.121767990648e-08
1.147408989574e-08
1.043176680857e-08
1.327747746761e-08
1.027489391394e-08
1.112388936905e-08
1.338488609816e-08
1.482138712257e-08
2.881532812792e-08
2.775540812026e-08
-2.122049497966e-08
2.331203434797e-08
-1.025333435096e-08
-1.133147927909e-08
-1.110711096484e-08
-1.191333286346e-08
-1.184077482117e-08
-1.068361976334e-08
-1.157225696008e-08
-4.656749953716e-09
2.883403001001e-09
-2.4383831528e-09
-5.556693285778e-09
-5.54585294681e-09
-9.98237153355e-10
-3.453277903086e-09
4.119398424561e-09
-2.065064193302e-08
-2.080279518141e-08
-1.839375769498e-08
-2.456223095936e-08
-2.225426452791e-08
-1.878342691433e-08
-1.512245013711e-08
-7.430541707986e-09
-2.665639561266e-09
-1.227439090902e-09
-1.649825129539e-09
-9.073418280205e-10
-2.990110849483e-10
-2.460392093898e-10
              0
-3.540217403675e-09
-1.612752100248e-08
-1.559767889598e-08
-1.408659848201e-08
-1.376096389448e-08
-1.217351604504e-08
-1.285335429947e-08
-1.319195175963e-08
-1.413978725823e-08
-1.337947672094e-08
2.793574994647e-08
2.529694822945e-08
2.603131109121e-08
2.341110997151e-08
2.249892577708e-08
1.972206589879e-08
2.030391270807e-08
2.147018528631e-08
2.751307240812e-08
2.430401342923e-08
2.57514552584e-08
2.329263656607e-08
2.583779620916e-08
2.418599340555e-08
2.354164975597e-08
2.083131673154e-08
2.438418641383e-08
2.263799535737e-08
2.174380411457e-08
2.167096989078e-08
2.293724586971e-08
3.047513750462e-08
2.821339605786e-08
-2.331318730905e-08
-2.078242025256e-08
-1.85569029272e-08
-1.815460972682e-08
-1.086356778495e-08
-1.187752570931e-08
-1.16153101242e-08
-1.143789832047e-08
-1.111071216907e-08
-1.416001548361e-08
3.658474874206e-09
1.352980228388e-08
2.000605617624e-08
6.555714534969e-09
3.289300697492e-09
-8.812529494636e-09
-1.285658622017e-08
-2.889883476628e-09
-5.185508279899e-09
-3.20422989014e-09
-2.48755458729e-09
4.34262518832e-09
-1.660221590717e-08
-1.653899860766e-08
-2.066133719063e-08
-1.948219303517e-08
-1.797716163475e-08
-1.628459650129e-08
-1.372596766067e-08
-1.431140601439e-08
-1.380755666465e-08
-1.351029489784e-08
-1.271743376226e-08
-1.154889588423e-09
-1.014217725136e-10
-5.027396698763e-10
-6.828619750272e-10
2.765711973892e-08
2.642413476449e-08
2.780407512261e-08
2.378712761712e-08
2.466444177061e-08
2.247268070897e-08
2.124042816855e-08
1.776950143458e-08
-1.93973109332e-08
-2.092932303061e-08
-2.073422802549e-08
-2.442157465712e-08
-1.910541824597e-08
-1.900970843182e-08
-1.13555354339e-08
-1.197486465078e-08
-1.281860738466e-08
-1.609082267234e-08
-1.022254915389e-09
1.260980721297e-09
3.777041760982e-09
1.199894451588e-08
-7.507316600018e-09
-7.655262176428e-09
-7.078382219187e-09
4.454530759197e-09
3.819453768051e-09
5.053799157394e-09
-1.787350602585e-08
-1.560943545252e-08
-1.68953232892e-08
-1.496965667327e-08
-1.297678578276e-08
2.445648754177e-08
2.271218657391e-08
1.946143473305e-08
-2.690342165129e-08
-2.344666245724e-08
-1.279489457567e-08
-1.221655077387e-08
-1.737474728543e-08
-2.051543283087e-09
1.485709681164e-08
-4.806541179478e-09
2.544400563136e-08
3.768771993798e-09
5.873420970684e-09
4.722347658568e-09
-1.562338975039e-08
-1.475301878783e-08
-1.666738579302e-08
-1.4886086453e-08
-1.098506934657e-08
-1.295438121963e-08
2.048936070847e-08
2.104822760491e-08
-1.22201696298e-08
-1.160178945195e-08
-1.180768584632e-08
-1.117113264598e-08
-1.307422290454e-08
-1.424764774438e-08
7.770789073842e-09
8.119054002082e-09
2.778846631291e-09
5.280056919013e-09
5.88424979598e-09
5.093672457683e-09
-1.265635844447e-08
-1.279304187765e-08
-1.285104765238e-08
2.179602716661e-08
-1.125190276355e-08
-1.076466063696e-08
-5.583556347699e-09
-1.403701372388e-08
-1.392662115305e-08
-1.350413695075e-08
2.39922144322e-08
2.012839487924e-08
-3.357728705588e-09
-1.488870991782e-08
-1.344758534656e-08
-1.200047637466e-08
2.322012781661e-08
2.509531492265e-08
2.247003080505e-08
2.083777900507e-08
1.862919666827e-08
1.895845550617e-08
1.915388276063e-08
1.99157721643e-08
1.924634285425e-08
1.929412803463e-08
1.928550141439e-08
-4.72178580742e-09
-1.5221747352e-09
-1.262198413971e-08
-1.272792193282e-08
-1.267094026279e-08
-1.080825796079e-08
-1.157174218277e-08
2.314037725845e-08
-3.271204045236e-09
-4.266434628351e-10
-1.333445835076e-08
-1.227900007076e-08
-1.151864719919e-08
-1.030533786544e-08
2.323279751236e-08
-1.197523285766e-08
-1.123587657313e-08
-1.177303282598e-08
-1.077226076722e-08
-1.12974699339e-08
-1.112395318052e-08
2.323774302158e-08
-1.250142380731e-08
-1.109531230759e-08
-1.042784228717e-08
-1.189283888103e-08
-1.249923728808e-08
-1.421607726882e-08
-1.330466122214e-08
-1.347223335019e-08
-1.177649647578e-08
-1.135196305579e-08
-1.095320791451e-08
-1.086983661333e-08
-1.040830417841e-08
-1.136039628674e-08
-3.258254556112e-09
7.642208431655e-10
-3.331714706141e-08
-1.598111261995e-08
-2.549831320938e-08
-1.126533306467e-08
-7.825230979289e-09
-7.738877540127e-09
-7.101471721959e-09
-7.321835180895e-09
-8.008027577389e-09
6.665496870597e-08
-5.000965686047e-09
-2.137082583646e-09
-3.370097974568e-09
-2.233991135306e-09
4.408563783726e-08
4.541473327845e-08
4.049644138624e-08
2.818702905705e-08
2.955728269237e-08
-2.19082917686e-09
2.705524275784e-08
3.640493265375e-08
2.941917209407e-08
2.74932079604e-08
2.700244393424e-08
2.549420972039e-08
2.503169623865e-08
5.93627855247e-09
5.69306530448e-09
-1.790788534728e-08
4.534803414704e-08
2.401604907485e-08
2.258841705497e-08
2.066392925235e-08
2.16175190286e-08
-2.384564479585e-12
-2.911640976018e-11
-4.46135529102e-10
-1.055900229605e-10
-1.066749926211e-10
-4.521889457639e-10
-1.32290285895e-12
-2.665226299572e-11
-5.81666447358e-09
-5.451579561413e-09
-5.012090661374e-09
-5.792052442377e-09
-4.83673957103e-09
-5.501186112157e-09
-4.814380185475e-09
-5.34242143294e-09
-5.891629096585e-09
-5.131995088957e-09
-5.262526619702e-09
-4.290904173936e-09
-6.752289668046e-09
-6.071662288211e-09
-5.509163757184e-09
-5.531990470916e-09
-4.473796008359e-09
-6.306700601816e-09
-6.706942684098e-09
-7.568151931675e-09
-5.532986818576e-09
-6.586336131562e-09
-7.300094671112e-09
-6.683948148254e-09
-5.528654072389e-09
-4.706118069324e-09
-5.091601718019e-09
-4.755507368619e-09
-4.113433080963e-09
-4.484039853568e-09
-4.430570266014e-09
-4.177708573229e-09
-4.226902127848e-09
-3.693214359875e-09
-3.941160481463e-09
-3.657526190288e-09
-3.847272374712e-09
-3.944165036242e-09
-6.243652114986e-09
-6.75280563245e-09
-3.568989834267e-09
-4.008798673892e-09
-3.766478829031e-09
-7.342292776293e-09
-9.008558210877e-09
-8.213633582402e-09
-9.00317118208e-09
-8.118175308185e-09
-8.973423367957e-09
-1.130083306519e-08
-1.012563445563e-08
-8.388363059592e-09
-8.366846015882e-09
-9.034933856553e-09
-9.038395824377e-09
-7.357479494759e-09
-1.024770302924e-08
-8.772429565194e-09
-9.870845274985e-09
-8.258477129499e-09
-8.289587597886e-09
-8.479772584381e-09
-8.573404843776e-09
-7.698373560919e-09
-9.512045933005e-09
-9.891715369322e-09
-9.809070251805e-09
-1.078131370586e-08
-1.054743907172e-08
-1.182169814126e-08
-1.20773311896e-08
-1.357113331672e-08
-1.30391310295e-08
-1.394369625925e-08
-1.160475512476e-08
-1.240850829476e-08
-1.242672779813e-08
9.923609151914e-09
3.187452371267e-08
-1.97950087851e-09
-1.27192170693e-09
-1.451338252863e-09
-3.372088382415e-09
-2.229160314305e-09
-8.553821047834e-10
-2.329297775575e-09
-5.427918554734e-09
1.114035046125e-08
1.073886235383e-08
1.198062692474e-08
1.11012839138e-08
1.322288724461e-08
1.380751703075e-08
1.237078229164e-08
4.625437671612e-08
-1.051300082101e-08
6.582391022473e-09
1.632217690918e-08
1.226093772015e-08
1.649856538401e-08
1.860213042231e-08
2.37508084543e-08
2.523499333766e-08
2.633215967276e-08
2.345292462286e-08
2.128083886671e-08
2.635115208485e-08
2.084025756083e-08
              0
4.044847705397e-08
3.740298695594e-08
3.638441296308e-08
4.038787354689e-08
3.413843373283e-08
3.376455734125e-08
3.499892265977e-08
3.112174770797e-08
3.547085938752e-08
3.653780512695e-08
3.344932164532e-08
3.449040019921e-08
3.459373914037e-08
1.044929435107e-08
2.229939528161e-08
3.736707864034e-08
3.051254508456e-08
3.323169331464e-08
2.168617838083e-08
1.819449153835e-08
2.968653939154e-08
2.858592438779e-08
3.041414709885e-08
2.042066824547e-08
2.391728684426e-08
9.836414023527e-09
1.564116237854e-08
1.716128418079e-08
3.698763531546e-09
2.649756278848e-08
3.018046392121e-08
1.702661239047e-08
2.706982918654e-08
-1.053316828706e-08
-7.453128231271e-09
-6.824983172107e-09
-6.165675828219e-09
-6.93340319121e-09
-6.387220714687e-09
-5.847206138747e-09
-5.8295485447e-09
-5.359985488124e-09
-5.096221285987e-09
-5.461359574765e-09
-4.927263205844e-09
-7.424090823847e-09
-6.30429421811e-09
-4.619721279495e-09
-4.319672646383e-09
-6.776164374757e-09
-6.262286384074e-09
-7.024443582189e-09
-5.359702485097e-09
-7.060928085847e-09
-7.801131343151e-09
-5.83395811338e-09
-5.547383002559e-09
-5.64630483059e-09
-5.117656459353e-09
-5.868698312603e-09
-4.688235258188e-09
-6.340309900663e-09
-4.982043536364e-09
-5.113784650567e-09
-8.260285971797e-09
-7.819959024369e-09
-9.83909061751e-09
-8.633666469664e-09
-9.488740893436e-09
-9.221033328441e-09
-1.021849463058e-08
-7.625817787385e-09
-8.673796531367e-09
-1.061400839914e-08
-1.153690228619e-08
-7.503018508694e-09
-6.921100098274e-09
-8.233089932438e-09
-8.836388444382e-09
-9.383823285531e-09
-8.984014535251e-09
-1.015275705023e-08
-5.999979994872e-09
-7.132097323595e-09
-9.601332596817e-09
-6.322141516241e-09
-9.528167649422e-09
-9.457456673487e-09
2.577225097664e-08
5.709174863256e-09
4.150390575023e-09
5.222870863772e-09
4.04876313138e-09
4.671051809508e-09
4.210613391926e-09
4.526506847687e-09
4.704901611428e-09
3.237917104046e-09
4.457314271677e-09
3.720352151545e-09
3.343988150081e-09
3.846078370028e-09
2.835185450232e-09
-2.539846251103e-08
-2.818733346628e-08
-2.279193484525e-08
-1.343029942625e-08
-1.543415484104e-08
1.906976255727e-09
3.032495923236e-09
-1.772345155119e-08
-1.908630300089e-08
-1.667553735985e-08
-1.678088864555e-08
-1.521801780336e-08
-1.58627177897e-08
-1.476661639634e-08
-1.944366673872e-08
-1.913690567941e-08
-2.132887436654e-08
-1.629269080031e-08
-3.314577690519e-09
-3.893309956359e-09
-4.278766896147e-09
-4.350505657522e-09
-4.055057991034e-09
-4.118862975285e-09
-4.561593888338e-09
-4.244108919683e-09
-3.58662727779e-09
-3.667238718715e-09
-4.714921134148e-09
-3.819261460925e-09
-3.844198907373e-09
-3.406785743063e-09
-3.715442258676e-09
-3.566064034295e-09
-3.236975209594e-09
-3.495457992877e-09
-3.463879592284e-09
-4.500867627683e-09
-3.519971978947e-09
-3.981838926806e-09
-4.352034440073e-09
-4.494344533996e-09
-4.86658062446e-09
-5.262208827618e-09
-4.698214255642e-09
-3.73575569437e-09
-3.968296468974e-09
-4.302187643896e-09
-4.550936712881e-09
-5.188559384016e-09
-4.904402940888e-09
-5.298267787504e-09
-4.825353103286e-09
-5.112170919523e-09
-5.613749623439e-09
-5.606768093308e-09
-6.146837086164e-09
-5.708097020747e-09
-4.203568478522e-09
-5.682794305937e-09
1.335614232156e-08
1.590382944746e-08
-9.325039038096e-10
2.049023742881e-08
1.832965774819e-08
-1.325463387721e-08
2.466309920373e-08
2.196539463771e-08
3.100469978759e-08
2.718344219227e-08
3.863192465925e-08
2.908033780113e-08
1.552421594096e-08
1.526845278176e-08
2.613001392572e-08
-1.736723068097e-08
-1.288194673466e-08
-1.477973921872e-08
2.086042332585e-08
1.596907175545e-08
1.786945105889e-08
1.18681354534e-08
1.553284945372e-08
9.285759943826e-09
1.700524225821e-08
1.241122987631e-08
1.405416564334e-08
1.949444859524e-08
2.27097199024e-08
2.397098503697e-08
1.153841788667e-08
1.412898522184e-08
1.920511748947e-08
1.766240944286e-08
1.759099973268e-08
2.102639837683e-08
-1.529063847537e-08
-1.674064278589e-08
-1.539192957926e-08
-1.537112776681e-08
-1.492273382574e-08
-1.664471855497e-08
-8.12295784567e-09
6.127746810004e-09
6.601955035735e-09
7.0344426449e-09
-1.443581948132e-08
-1.533320776634e-08
-1.505000238348e-08
-1.323184104402e-08
-1.420624972882e-08
-1.18704253681e-08
2.512336409563e-08
1.542718524654e-08
2.112355889369e-08
2.130659668107e-08
-1.335001840435e-08
-1.252425248152e-08
-1.318772719604e-08
-9.821344505092e-09
-9.275676225313e-09
-1.012259639761e-08
-9.423513256541e-09
-8.94854251554e-09
-1.058509505548e-08
1.46078237626e-09
-3.196156706712e-09
5.309285222485e-09
3.089742206753e-09
1.151529425594e-08
-2.390313702925e-09
-1.91173186061e-09
-2.381180235535e-09
2.843161898756e-08
2.652989211037e-08
2.729079983459e-08
2.750708544507e-08
2.491930974413e-08
2.544402151016e-08
-1.674181168897e-08
-1.630136791768e-08
-1.951427746937e-08
2.15321817617e-08
2.277987617721e-08
-8.314810778192e-13
8.471302652577e-13
-2.864324765832e-11
-4.93320876035e-11
-3.464894293353e-12
-2.067956081605e-10
-1.741347110821e-10
-2.085827989125e-11
-6.15088490402e-10
-2.583147282849e-11
-2.099937160992e-11
-2.124451469341e-10
-2.069664101532e-10
-1.850183478972e-10
-6.140720445951e-10
-5.959951655808e-13
              0
-5.616892676796e-13
-2.67801755768e-11
-4.763912021464e-11
-5.299187019553e-09
-6.756649779437e-09
-4.184050963625e-09
-3.60889971365e-09
-3.832404622566e-09
-3.389892413819e-09
-3.32782841858e-09
-3.216350646704e-09
-3.516719435921e-09
-3.283716213434e-09
-3.336330833848e-09
-3.142261424202e-09
-9.669595019077e-09
-1.011129740739e-08
-9.343266701693e-09
-9.551208296967e-09
-9.811788309581e-09
-8.965751235343e-09
-9.251056926194e-09
-9.328622931975e-09
-9.979266739124e-09
-9.959625738589e-09
-1.067691874931e-08
-9.766499405585e-09
-9.433418901102e-09
-8.645318933331e-09
-8.701870329071e-09
-8.170731494886e-09
-7.733738958341e-09
-8.62721106881e-09
-8.217379552946e-09
-6.936168016417e-09
-1.32057431915e-08
-1.068764419813e-08
-1.095721152523e-08
3.768669117723e-08
-2.338273409307e-09
2.216307088457e-08
-1.884107182514e-10
-7.389844467685e-10
-2.175327485544e-10
-1.464301764579e-09
-8.498902345129e-11
              0
-1.300448396021e-09
-6.844700512378e-10
-2.218163887688e-09
-2.874015698784e-10
-9.722752330078e-10
-8.021670918207e-10
-3.824071997894e-10
-1.791734751609e-09
-8.61592119534e-11
              0
-1.381295717695e-09
-4.555491601671e-10
-3.16362298262e-09
-2.209970252301e-09
-1.980978892771e-09
-9.57334368044e-10
-2.134518867794e-09
-2.911665301755e-09
-3.052440217699e-09
-4.761753469225e-10
-1.062140827696e-09
-4.141171835144e-10
-1.285476750303e-09
-1.494750320957e-09
              0
-1.177138472613e-10
              0
-1.417245819719e-10
-5.281001874863e-10
-1.557086064042e-10
-9.365065005122e-10
-4.830948209032e-11
              0
-2.623056541613e-10
-4.561552531144e-10
-9.137907083371e-10
-2.958192671446e-10
3.024082644236e-08
9.80701639726e-09
-2.258396858789e-09
2.796833126837e-08
1.286213899458e-08
4.909382020023e-09
-6.524840605287e-09
-5.451152565569e-09
-1.114644213275e-08
-1.17850465143e-08
-1.185139710098e-08
-1.107325698092e-08
-1.194259303875e-08
-1.176698161219e-08
-1.239671924049e-08
-7.645504760499e-09
-8.500965798506e-09
-8.163884400067e-09
-1.103612205645e-08
-6.564233171299e-09
-6.308840886482e-09
-6.951011334587e-09
-7.026249571836e-09
-6.768072139635e-09
2.463794492027e-08
2.571801685158e-08
2.692159082907e-08
2.656628893174e-08
4.592447239138e-09
3.545225296963e-09
3.097656686027e-09
2.450999127344e-09
-2.384993619479e-08
-1.268214406537e-08
-1.233381687933e-08
-1.546832521192e-08
-6.00051151498e-09
-1.468274938298e-08
-1.471958379798e-08
-1.339588315322e-08
-1.414185357177e-08
-1.412877517023e-08
-1.325323738968e-08
-1.23048038324e-08
-1.66817468911e-08
-1.87099104107e-08
-1.573799012084e-08
-3.071717506627e-09
-5.259666691375e-09
-6.079115211916e-09
1.710561314894e-08
1.498030241245e-08
1.430533238806e-08
1.329937482249e-08
1.704583042282e-08
1.442081315485e-08
1.592307453938e-08
1.601363840183e-08
1.388342290894e-08
1.236598762973e-08
1.498720138045e-08
1.216668096349e-08
1.321438979949e-08
1.509662730423e-08
1.399263655232e-08
1.727934489031e-08
1.147599410414e-08
1.635838445787e-08
1.612512795265e-08
1.773910417407e-08
1.549284752791e-08
1.691952955709e-08
1.553225235438e-08
1.428288451651e-08
1.634596326976e-08
1.599762775184e-08
1.914976327784e-08
1.798157090902e-08
1.86517097992e-08
1.845239428502e-08
1.8621576233e-08
1.970492010697e-08
2.025101775131e-08
2.033956824757e-08
1.900878522866e-08
1.955537896207e-08
2.11370966125e-08
1.815490689206e-08
1.871882431523e-08
1.70409178682e-08
              0
-6.102232173588e-11
-2.729464990842e-10
              0
-7.289333441004e-11
-5.376299920726e-11
-8.147210637415e-10
-1.784059232854e-09
-2.084093051902e-09
-1.867976460135e-09
-2.911579854276e-09
-3.154336956084e-09
-2.989226315928e-09
-3.1427277739e-09
-2.954145165538e-09
-3.253834426483e-09
-2.773988466106e-09
-3.065815753955e-09
              0
1.581686568907e-08
1.929624391601e-08
2.068752070932e-08
1.731600101979e-08
1.59807146634e-08
2.005278990531e-08
1.871844849474e-08
1.783226230593e-08
1.740952459801e-08
1.588982496915e-08
1.649103811785e-08
1.559975964668e-08
1.330760922963e-08
1.633562476307e-08
1.470236689286e-08
1.680667901244e-08
1.556776478519e-08
1.629045467436e-08
2.476861096989e-08
-1.517224025368e-08
-1.436779036847e-08
-1.349226454905e-08
-1.40486047225e-08
-1.512269935722e-08
-1.485512074338e-08
-1.212159741127e-08
-1.342897957163e-08
1.709809006589e-08
1.814284267181e-08
1.835314873879e-08
1.699760659473e-08
1.690747179605e-08
1.783017414901e-08
1.765237576541e-08
1.783162948833e-08
1.838067035122e-08
2.000372296434e-08
2.033435392997e-08
2.231922587636e-08
2.221888697354e-08
-1.413140322251e-08
3.996220959838e-09
2.902702913243e-08
2.959404385626e-08
2.86294605897e-08
2.960755184314e-08
2.671528847765e-08
2.798482861254e-08
2.400861046023e-08
-1.658582470267e-08
-1.761290909846e-08
-1.920866507515e-08
2.254273253728e-08
              0
-2.966281835859e-13
-7.070112548416e-12
-1.777932771765e-12
-1.426133596632e-11
-4.615952317543e-12
-5.026044051217e-11
              0
-2.569341410783e-11
-4.12268585756e-11
-1.23334870732e-10
-2.795563234631e-10
-2.67984246486e-10
-4.450857032994e-10
-1.113372062356e-09
1.952135879173e-13
4.518691470457e-12
-5.065696330212e-12
-1.305420733856e-11
5.790341248941e-13
-1.040224525469e-08
-7.70560726619e-09
-7.678695180495e-09
-7.977493892818e-09
-7.350886044357e-09
-6.673315614178e-09
-7.207113189652e-09
-6.911843294422e-09
-1.036153312231e-10
-2.198324923541e-09
-1.61250780319e-09
-1.36903318727e-10
-9.061593698118e-11
-1.294046524759e-09
-8.681771665742e-10
-1.845624450587e-09
-1.335611150516e-09
-9.973689716525e-10
-7.708823272129e-10
-4.142947134191e-10
-2.954342023331e-10
-5.668000081675e-10
-8.871602773744e-09
4.773714581534e-09
9.011947759021e-09
1.763278709466e-08
2.032422074089e-08
-1.031267324945e-08
-1.110890612201e-08
-1.025146168868e-08
-1.156706248931e-08
-1.039076948494e-08
-1.201601432868e-08
-9.470693341522e-09
-1.099080284522e-08
-1.147993321253e-08
-1.225251440819e-08
-1.270016103393e-08
-9.748797129593e-09
-8.657882680848e-09
-1.026493346653e-08
-9.178456869031e-09
-8.688527550582e-09
-1.085574886479e-08
-1.139295735264e-08
-1.073936283538e-08
-9.831274668937e-09
-8.027442731729e-09
-9.008339902054e-09
-1.07050073016e-08
-8.158702491251e-09
-7.988450914671e-09
-7.438870880475e-09
-7.42038089559e-09
-9.439302295947e-09
-1.109799261516e-08
-8.641456848074e-09
-6.988821528676e-09
-8.298481752923e-09
-9.036327984595e-09
-8.973884209509e-09
-6.49585128692e-09
1.191742822316e-09
2.923418813263e-09
2.6527661678e-09
2.965304380246e-09
2.269745841512e-09
-1.795076236118e-08
-3.150966192801e-09
-3.242511115152e-09
-3.012467629523e-09
-3.108009445488e-09
-3.277398904582e-09
-2.817557848837e-09
1.236996866004e-08
-3.434708421209e-09
-3.360424540272e-09
-3.490886464942e-09
-3.779043272422e-09
-3.666687434537e-09
-3.642722829806e-09
-3.899082449095e-09
-3.512741080966e-09
-3.731917589535e-09
-4.037629782634e-09
-3.534223026615e-09
-4.654649741485e-09
-4.358599801272e-09
-4.236656708025e-09
-4.654695648792e-09
-5.325316276284e-09
-5.015197464668e-09
-3.955976264088e-09
-4.672677562149e-09
-4.382806668824e-09
-5.093588820956e-09
-5.44778790939e-09
-6.031782632353e-09
-6.045950669467e-09
-5.0661289851e-09
-5.342217540894e-09
-6.118727522843e-09
-6.432801344199e-09
-6.493389649055e-09
-6.970490213397e-09
-5.969372342127e-09
-5.745170361966e-09
-6.194776048906e-11
-3.329461273445e-10
1.529329880885e-08
1.423783327694e-08
1.707118745919e-08
1.556389699053e-08
-1.232435142394e-08
-1.275212694596e-08
1.610574785987e-08
1.438252224043e-08
1.63874884037e-08
1.726169327937e-08
2.377999144725e-08
2.35563350172e-08
2.13836323211e-08
2.102560467033e-08
2.167887677562e-08
2.034170655707e-08
2.227987509991e-08
2.292542805403e-08
2.095211434922e-08
1.957876862798e-08
1.849730346255e-08
1.922125891123e-08
2.145697978095e-08
1.780289045337e-08
1.981707638883e-08
2.009791699217e-08
2.284868590641e-08
1.844192005969e-08
1.924041556152e-08
2.290966196106e-08
2.153642029375e-08
2.448240382602e-08
2.484186708426e-08
2.381505826016e-08
2.612974416455e-08
2.165005550565e-08
-3.754372045268e-11
-4.898191204009e-11
-2.360505960472e-11
-7.239074618101e-11
3.615939839751e-11
              0
-9.639740297509e-10
-6.794740268884e-10
-1.264571256439e-09
-1.377108841598e-09
-1.890989207912e-09
-1.408079473643e-09
-1.992506920655e-09
-2.035282519943e-09
-4.918740511985e-10
-2.587462140596e-10
-9.493211861462e-10
-1.209071882177e-09
-7.310543098015e-10
-1.447652331834e-10
              0
-1.416388812108e-09
-2.200071803179e-09
-6.906299020845e-10
-1.970165787709e-09
5.403247305956e-11
-8.207353166667e-09
-2.498876344227e-09
-2.107580394937e-09
-9.702306329927e-09
-1.023450291145e-08
-1.036007101592e-08
-7.262306395428e-09
2.23994858117e-09
1.691325261059e-09
1.605358391148e-09
1.62584533117e-09
1.323093317763e-09
2.036331271313e-09
2.073376633555e-09
-3.144729757439e-09
-1.860086106382e-09
-4.477844591158e-09
-7.251458086361e-09
-7.531752179237e-09
-9.221337529114e-11
1.468203999723e-08
1.539587174482e-08
1.318818108669e-08
1.326346775808e-08
2.395964498621e-08
1.733661067518e-08
1.537883696841e-08
1.816097032919e-08
2.072684564311e-08
2.023073727871e-08
2.497508640668e-08
2.741140162342e-08
2.679788859834e-08
-4.21358904299e-10
-2.827362093711e-09
-2.471553675803e-09
-7.788579811946e-10
-6.182352777364e-10
-9.05288067699e-10
-2.632945529613e-10
-2.279161443223e-09
-1.601208140234e-09
-1.206680198559e-09
-6.555831984062e-10
-3.94542905712e-10
2.005535854866e-09
2.604092084326e-09
2.872962529838e-09
-7.788010810586e-09
-7.995773137681e-09
1.431045517686e-08
1.308747170956e-08
2.400638016544e-08
1.800332328648e-08
1.77893062447e-08
1.672417063134e-08
1.648286138023e-08
-2.643416499878e-09
-1.127644130361e-10
-1.676183837897e-09
-8.507895975927e-10
-1.397705937977e-09
-2.14673558086e-09
-1.575463459893e-09
-1.982472225682e-09
-1.026677755203e-09
-2.181842379609e-09
1.92116285096e-09
2.411426956838e-09
2.255977645514e-09
1.716204196454e-08
1.380489935336e-08
1.702528667359e-08
-1.106522456032e-10
3.556977746794e-11
-3.84588821434e-11
-2.267475433604e-11
3.543586402872e-11
-6.195401680257e-11
-8.307729698566e-11
1.399797633341e-10
3.697342779616e-11
1.103199976287e-11
9.810459758963e-11
2.772677575088e-11
2.195983949479e-11
-3.571911449245e-11
9.422593589907e-12
-1.790823248068e-11
-2.19722011187e-12
-6.196362530619e-11
-6.596007029703e-11
-3.948371443993e-11
-2.294707888893e-12
2.654419438404e-11
1.237850686525e-10
7.326448346425e-11
6.940115121732e-11
-3.064188396807e-11
-6.245224086429e-12
-8.785838716188e-12
1.166749089136e-10
3.247556783155e-10
2.004187588163e-10
1.697650477137e-10
3.123488214778e-10
2.368744294489e-10
-6.163875851215e-10
-2.169306973824e-09
-1.490003197265e-11
-7.596881682601e-10
-1.867117984396e-09
-2.660507878515e-09
-2.936652534389e-09
-3.506463954056e-09
-2.471285438982e-09
-2.529998837705e-09
-1.282627241034e-09
-3.285320551049e-09
-1.879841527907e-09
-1.253255577936e-09
-3.420576681591e-09
-6.818723409685e-10
1.854632879163e-09
1.24597001713e-09
-5.35877919746e-10
-1.123470973955e-09
-1.774010315129e-09
-3.196313151836e-09
-1.136703209712e-09
-3.764915480886e-10
-2.8912707677e-09
-6.815289072388e-10
-2.057096280926e-09
-1.352630701135e-09
-3.691825422276e-09
-2.418288081682e-09
-3.930697077439e-10
-1.58368214274e-09
-2.955452333077e-09
-4.177458391581e-09
-1.720306011086e-09
-3.814757035887e-09
1.605210549578e-09
-3.155311287913e-09
-2.71019295434e-09
-3.702779394961e-09
-4.079088216125e-09
-2.440507729463e-09
-4.667290838086e-09
-4.44145131912e-09
-5.006159539543e-09
-4.45338571578e-09
-3.296792865389e-09
-2.733360698679e-09
-2.435580449084e-09
-1.323542302155e-09
-2.731375276276e-09
-1.629743121065e-09
-1.976798279188e-09
-9.775811260165e-10
-8.31327145143e-10
-4.750946047306e-09
-4.001378235659e-09
-4.025934421405e-09
-2.925451169801e-09
1.612038847565e-09
1.130563166435e-09
1.383530124681e-09
1.219384268312e-09
1.27356877546e-09
9.540307194012e-10
8.791030920616e-10
1.083764379871e-09
9.665557903353e-10
1.526416569013e-09
-3.048979169455e-09
-3.862131082971e-09
-4.594670996212e-09
-1.760123866119e-09
-7.704393628903e-10
-4.390329095743e-09
5.658462003407e-10
-3.862798113648e-09
-5.374692115516e-09
-6.412011194548e-09
7.617588554909e-10
6.187578998536e-10
7.421745948907e-10
3.519325059684e-10
9.50043338232e-10
-3.109315539999e-09
-3.599266857289e-09
-4.157601229508e-09
1.478729182789e-08
1.215289740073e-08
1.581624732858e-08
-6.606598617851e-09
-6.116542564662e-09
-6.171796290504e-09
-6.720144512838e-09
-6.469324297781e-09
1.374499424103e-08
2.033880244412e-08
1.2993299879e-08
1.073725197309e-08
-1.192745840768e-09
1.185264422892e-09
-1.597833832489e-09
-2.966882866525e-09
5.939906867091e-11
1.606654355959e-09
6.524215096528e-10
-2.965239621572e-10
5.91646024503e-10
-1.364635983113e-09
-2.628971191251e-09
-5.311475958975e-09
2.507075009935e-10
-2.810388645179e-09
-1.658628166856e-09
-3.820445173712e-09
-5.710138213463e-09
-6.50412226037e-09
-5.370727477605e-09
-7.406368447231e-09
-8.354517082147e-09
-7.463581337333e-09
-9.117692919673e-09
-6.130591795551e-09
-7.68448495412e-09
-3.460876068597e-09
-3.772632359121e-09
-6.341844301068e-09
-5.078333565969e-09
-5.80958981203e-09
-1.580422462115e-09
-2.938235038456e-09
-7.841431186118e-10
-6.411864393795e-10
-1.403622719861e-09
-2.96305452019e-09
-2.872798395779e-10
2.599313045364e-09
2.793579059704e-09
2.324209447073e-09
1.933918951435e-09
2.007819803521e-09
1.695338186521e-09
1.44022877067e-09
1.452206226946e-09
3.197521822148e-09
2.841499158183e-09
2.876023540217e-09
3.29576302379e-09
2.363977589645e-09
2.263592415814e-09
1.897355516676e-09
2.044230566057e-09
3.27135367079e-08
4.33448900464e-09
-7.803158251759e-09
-8.067106580875e-09
-5.741041559663e-09
-6.319741541395e-09
-8.103766899726e-09
-3.60189863837e-09
-2.382768958429e-09
-8.303687033082e-10
-3.632068849533e-09
-5.402008061214e-09
-7.513639811772e-09
1.796401987805e-09
-4.4165704623e-10
-6.765634993381e-10
-1.307844824021e-09
-1.745483706791e-09
2.349202034185e-10
-2.183302965128e-09
-4.574410002214e-09
-4.260378439993e-10
-2.342344555231e-09
-3.115706561794e-09
-3.731863933768e-09
-5.692014925934e-09
-1.168088340235e-09
-6.127044417835e-09
-4.813288795891e-09
-1.022003177146e-09
-1.910748270629e-09
4.392170197492e-10
2.984022489633e-10
-4.500201307813e-09
-2.034076772564e-09
-3.35004193428e-09
-2.805607772077e-09
1.845295051493e-10
2.19865730172e-10
-4.458952278495e-09
2.133829947057e-10
9.904870020997e-11
-5.955546616426e-09
-1.106829343783e-08
-3.260327439249e-09
2.624393142178e-08
2.72602841499e-08
2.544836663881e-08
2.497066581663e-08
-4.069895438751e-10
-7.374121066926e-09
-6.966347666183e-09
-6.557985850688e-09
-6.229713663704e-09
-5.84315554294e-09
-5.517108092687e-09
-5.743785985476e-09
-6.526797324023e-09
1.979447081013e-08
1.000950952686e-10
-4.640862331417e-11
5.254633285817e-12
2.136395980703e-10
1.059857818072e-10
1.113697262403e-10
2.644054972018e-10
8.267006010803e-10
-6.143278135906e-10
-5.285821197673e-10
-2.35488802314e-09
1.049092680036e-09
8.93157284999e-10
1.170743054611e-09
1.424927654686e-09
7.709331155989e-10
1.32395890386e-09
1.595613983423e-09
1.078683455451e-09
8.278976782809e-10
6.240642453953e-10
1.202125681872e-09
8.61780409015e-10
1.232748329788e-09
1.576561932089e-09
1.049608732398e-09
5.063350365522e-10
8.998151880682e-10
6.193428947409e-10
5.658949789912e-10
4.310081274006e-10
6.892397814632e-10
2.358060641575e-09
2.507527201293e-09
6.313506387491e-09
-6.409485041938e-09
-5.724065359914e-09
-4.160371195641e-09
-6.976536230304e-09
-7.16319307651e-09
-7.203373850292e-09
-4.367805039071e-09
-2.435108484614e-09
-3.559232983628e-09
-1.102218508071e-09
4.321363504479e-10
9.732808514841e-11
1.86086762988e-08
2.126860480663e-08
3.076942371529e-11
-9.122317929509e-11
-2.323553366185e-11
2.255243446723e-10
6.463792157254e-10
1.842773237038e-09
1.651429134673e-09
2.045124950062e-09
2.240108118475e-09
4.30806550695e-10
3.293937547216e-10
6.113769355294e-10
4.905744403134e-10
3.069872915637e-10
3.265794365685e-10
3.229272909367e-10
7.234657290555e-10
7.896206986987e-10
4.297533021681e-10
1.081171734073e-10
1.416850239828e-11
3.629439443665e-10
1.789930114833e-08
1.891580647604e-08
2.030920221176e-08
2.009520669985e-08
1.990334491076e-08
2.170683815925e-08
2.09652206697e-08
1.91817007612e-08
2.049621121462e-08
2.281233068772e-08
2.19703738533e-08
2.27876258974e-08
2.175176663557e-08
-8.19090818389e-12
-5.177236109069e-12
2.880698777279e-11
1.778228388195e-11
6.708299651859e-11
7.28860968248e-11
1.596875474945e-10
5.086036487574e-11
6.496195728015e-12
5.953112131592e-11
1.839049094971e-10
4.371786684922e-11
1.188032955226e-10
2.03540366252e-10
1.085025530425e-10
1.848577916479e-10
2.46600627457e-11
-2.983422475515e-11
-1.126184504243e-11
1.002990600585e-10
2.608274609485e-10
2.182340959166e-10
3.07604324481e-10
5.312867629301e-10
3.523037245025e-10
4.114502435171e-10
4.75154142991e-10
5.761450922443e-10
6.34237914195e-10
-8.205126527975e-11
-6.215311182124e-11
1.374917757001e-09
2.795674186862e-09
4.982537485667e-10
9.684922217638e-10
1.023657281937e-08
2.919556261117e-08
1.295141755347e-08
1.467230541288e-08
1.187560727317e-08
1.099888132001e-08
1.478406707967e-08
2.510898675808e-08
4.001136378593e-09
8.344124487002e-09
8.675119588378e-09
2.183918588418e-10
1.348474748577e-08
2.167608017829e-08
1.212665179787e-08
1.623991255076e-08
1.22103991252e-08
1.891314871287e-08
1.292106214283e-10
1.896573306425e-08
1.056713138181e-08
2.291337453838e-08
2.307279071506e-08
1.622830503337e-08
1.085048391447e-08
1.020935863828e-08
1.232577038309e-08
1.321976929447e-08
1.527691384815e-08
1.240353541245e-08
1.898547117772e-08
1.801688212398e-08
2.537280312424e-09
1.929971377882e-09
2.130421625174e-08
8.545059797169e-09
5.009116135046e-11
1.299386709692e-10
1.992332408321e-10
9.622844787911e-11
1.824845073242e-11
1.026514773509e-08
4.078301228885e-10
4.528200849646e-09
3.645374969578e-10
7.384674981934e-09
3.537622401721e-09
1.408397980975e-08
9.937137483999e-09
9.842373647059e-09
9.294962726894e-09
4.072054912262e-10
3.883155603044e-10
1.649458379512e-10
4.0063642721e-11
4.4148486285e-11
3.158665431246e-11
7.674230399352e-10
2.066337412789e-09
8.8088260679e-11
7.183628626384e-11
4.741877306497e-10
4.112775015633e-11
3.535792705444e-11
1.051242201851e-10
9.890670524864e-09
2.189668012649e-10
6.660829348727e-09
5.09139767303e-09
4.028174388559e-09
2.245621104695e-10
7.406784755319e-09
5.609824555398e-09
6.507323002675e-09
3.703597845116e-09
2.073655009944e-09
2.847420843199e-09
9.696549743161e-09
9.171261665944e-09
9.114411497806e-09
8.609904394092e-09
1.132010358138e-10
1.162959933304e-10
8.192881765418e-11
3.578447697337e-10
2.524725327406e-10
6.079699135894e-10
9.179900561627e-10
1.757454252014e-09
2.928492423148e-09
2.252263797766e-09
6.05090972613e-10
3.645858229529e-10
6.052015861546e-09
7.735334266647e-09
6.727725160246e-09
3.439511684473e-09
8.183935718112e-09
5.714453766447e-09
4.776476780503e-09
2.250778160912e-09
1.541507555416e-09
8.140615330576e-09
6.549871800417e-11
6.923878671619e-11
1.323744883661e-09
8.760339548944e-09
9.34696033455e-10
1.096582967036e-08
5.921224400551e-09
1.417517860297e-08
1.707632459895e-08
1.35292900548e-08
1.739608152054e-08
3.180462144821e-09
1.111187085301e-08
1.680598226442e-10
5.520155723944e-10
2.21405713284e-10
9.061935369444e-09
5.757873495158e-09
6.317057985743e-09
7.108806918334e-09
2.993591590381e-09
3.981447991805e-09
5.120617092491e-09
1.462756269847e-09
9.329574083814e-09
1.059926771564e-08
1.289077071315e-08
1.002551648925e-08
1.298285577605e-08
1.20831615341e-09
6.826122812261e-10
8.337250021201e-09
1.194796858046e-09
2.226814522384e-09
4.494213001271e-09
1.083673146846e-09
2.550698007563e-09
2.196596005307e-09
7.259802237084e-09
4.928715814787e-09
8.764717451118e-09
5.160818216218e-09
2.810849331838e-09
2.062189658761e-09
